"site_code" "author_crop" "author" "crop" "ant_percent" "apis_percent" "bee_percent" "other_hymenoptera_percent" "coleoptera_percent" "other_diptera_percent" "hemiptera_percent" "lepidoptera_percent" "other_percent" "syrphidae_percent" "nonbee_percent" "fruitset_sc" "bee_sc" "nonbee_sc" "apis_sc" "distance_sc"
"1" "and_bra_1" "Anderson_Brassica_rapa" "Anderson" "Brassica_rapa" 0 0 41.4285714285714 0 0 11.4285714285714 0 0 0 47.1428571428571 58.5714285714286 0.200546518442619 0.582118017362986 0.223853722324534 -0.623917748105777 -0.874686662668133
"2" "and_bra_10" "Anderson_Brassica_rapa" "Anderson" "Brassica_rapa" 0 52 28 0 0 4 0 0 0 16 20 -0.905742840220694 -1.14850311533778 -0.502158350079359 0.457539681944237 0.784201835495568
"3" "and_bra_2" "Anderson_Brassica_rapa" "Anderson" "Brassica_rapa" 0 0 65.3061224489796 2.04081632653061 0 10.2040816326531 0 0 0 22.4489795918367 34.6938775510204 -1.35533075310213 0.818111808185818 -0.260154325944728 -0.623917748105777 -1.17630275324335
"4" "and_bra_3" "Anderson_Brassica_rapa" "Anderson" "Brassica_rapa" 0 13.5746606334842 10.4072398190045 0 0 4.52488687782805 0 0 0 71.4932126696833 76.0180995475113 0.271268212603744 0.110130435717322 2.78506297774938 1.87175324431733 -0.459964538127208
"5" "and_bra_4" "Anderson_Brassica_rapa" "Anderson" "Brassica_rapa" 0 0 52.9411764705882 35.2941176470588 0 11.7647058823529 0 0 0 0 47.0588235294118 0.160134121779118 -0.991173921455895 -0.441657344045702 -0.623917748105777 -0.422262526805306
"6" "and_bra_5" "Anderson_Brassica_rapa" "Anderson" "Brassica_rapa" 0 49.1228070175439 19.2982456140351 1.75438596491228 0 10.5263157894737 0 0 0 19.2982456140351 31.5789473684211 1.59477420333337 -0.833844727574007 -0.239987323933509 1.70537517815579 -1.02549470795574
"7" "and_bra_6" "Anderson_Brassica_rapa" "Anderson" "Brassica_rapa" 0 0 53.3333333333333 0 0 26.6666666666667 0 0 0 20 46.6666666666667 -1.06739242687469 -1.06983851839684 -0.461824346056921 -0.623917748105777 0.218671665667033
"8" "and_bra_7" "Anderson_Brassica_rapa" "Anderson" "Brassica_rapa" 0 3.03030303030303 57.5757575757576 0 0 9.09090909090909 0 0 0 30.3030303030303 39.3939393939394 0.993639802963806 -0.204527952046455 -0.340822333989605 -0.540728715025007 1.53824206193361
"9" "and_bra_8" "Anderson_Brassica_rapa" "Anderson" "Brassica_rapa" 0 5.76923076923077 71.1538461538462 0 0 0 0 0 0 23.0769230769231 23.0769230769231 0.927969658385618 1.21143479289054 -0.360989336000825 -0.374350648863466 -0.120646436230087
"10" "and_bra_9" "Anderson_Brassica_rapa" "Anderson" "Brassica_rapa" 0 0 80.3921568627451 0 0 3.92156862745098 0 0 0 15.6862745098039 19.6078431372549 -0.819866497310756 1.52609318065431 -0.401323340023263 -0.623917748105777 1.53824206193361
"11" "bom_bna_1" "Bommarco_Rundlof_Brassica_napus" "Bommarco_Rundlof" "Brassica_napus" 0 74.5901639344262 21.7213114754098 0 0 0 0 3.68852459016393 0 0 3.68852459016393 -0.395458634394765 0.144710867110114 -0.0512739363913792 -0.297898398394349 NA
"12" "bom_bna_10" "Bommarco_Rundlof_Brassica_napus" "Bommarco_Rundlof" "Brassica_napus" 0 73.5177865612648 23.3201581027668 0 0 0 0 1.97628458498024 0 1.18577075098814 3.16205533596838 0.658715083803181 0.294411764120576 -0.222187057695976 -0.275708573560506 NA
"13" "bom_bna_2" "Bommarco_Rundlof_Brassica_napus" "Bommarco_Rundlof" "Brassica_napus" 0 81.8815331010453 11.4982578397213 0 0 0 0 2.4390243902439 0 4.18118466898955 6.62020905923345 1.8436241995998 -0.354292122924761 1.65785727665459 -0.00388321934592256 NA
"14" "bom_bna_3" "Bommarco_Rundlof_Brassica_napus" "Bommarco_Rundlof" "Brassica_napus" 0 81.5789473684211 11.1842105263158 0 0 0 0 1.31578947368421 0 5.92105263157895 7.23684210526316 -0.861641930222157 -0.753494514952661 0.290552306217815 -0.619650858485081 NA
"15" "bom_bna_4" "Bommarco_Rundlof_Brassica_napus" "Bommarco_Rundlof" "Brassica_napus" 0 78.7564766839378 19.1709844559585 0 0 0 0 0.518134715025907 0 1.55440414507772 2.07253886010363 0.750548728945652 -0.254491524917786 -0.905839542914364 -0.464322084648176 NA
"16" "bom_bna_5" "Bommarco_Rundlof_Brassica_napus" "Bommarco_Rundlof" "Brassica_napus" 0 92.2330097087379 4.85436893203883 0 0 0 0 2.9126213592233 0 0 2.9126213592233 -0.58040139197334 -1.05289630897359 -1.07675266421896 -0.780527088530446 NA
"17" "bom_bna_6" "Bommarco_Rundlof_Brassica_napus" "Bommarco_Rundlof" "Brassica_napus" 0 79.324055666004 16.6998011928429 0 0 0 0 0.795228628230616 0 3.18091451292246 3.97614314115308 -1.34631950180743 0.918165501664169 1.82877039795919 0.905899598841662 NA
"18" "bom_bna_7" "Bommarco_Rundlof_Brassica_napus" "Bommarco_Rundlof" "Brassica_napus" 0 81.8858560794045 17.3697270471464 0 0 0 0 0.620347394540943 0 0.124069478908189 0.744416873449132 -1.04084508497937 2.31537387376182 -0.56401330030517 2.35378566924995 NA
"19" "bom_bna_8" "Bommarco_Rundlof_Brassica_napus" "Bommarco_Rundlof" "Brassica_napus" 0 89.622641509434 8.49056603773585 0 0 0 0 0.943396226415094 0 0.943396226415094 1.88679245283019 0.482062863633277 -0.503993019935223 -0.56401330030517 0.273489591077122 NA
"20" "bom_bna_9" "Bommarco_Rundlof_Brassica_napus" "Bommarco_Rundlof" "Brassica_napus" 0 61.9047619047619 26.984126984127 0 0 0 0 11.1111111111111 0 0 11.1111111111111 0.489715667395149 -0.753494514952661 -0.393100179000573 -1.09118463620426 NA
"21" "car_han_1" "Carvalheiro_Helianthus_annuus" "Carvalheiro" "Helianthus_annuus" 0 49.304174948324 0 0 44.1351888689039 0 3.97614314008 1.98807157153105 0 0.596421471161105 50.695825051676 1.09253357433569 -0.474341649025257 2.76297556508382 -0.118889815715654 -0.511745672978965
"22" "car_han_10" "Carvalheiro_Helianthus_annuus" "Carvalheiro" "Helianthus_annuus" 0 96.5346534653465 0.495049504950495 0 1.48514851485149 0 0.99009900990099 0 0 0.495049504950495 2.97029702970297 0.62728271088206 1.89736659610103 -0.415687038451393 2.39824067421199 -0.601801827588847
"23" "car_han_2" "Carvalheiro_Helianthus_annuus" "Carvalheiro" "Helianthus_annuus" 0 91.5254237288136 0 0 1.69491525423729 0 1.69491525423729 3.38983050847458 0 1.69491525423729 8.47457627118644 0.348264887847716 -0.474341649025257 -0.466955790118008 -0.355888133931768 -0.681781769095529
"24" "car_han_3" "Carvalheiro_Helianthus_annuus" "Carvalheiro" "Helianthus_annuus" 0 76.7857142857143 0 0 16.0714285714286 7.14285714285714 0 0 0 0 23.2142857142857 -0.534058162330987 -0.474341649025257 -0.456702039784685 -1.07469622002886 0.582153212037602
"25" "car_han_4" "Carvalheiro_Helianthus_annuus" "Carvalheiro" "Helianthus_annuus" 10.4166666638021 85.4166666731771 0 0 0 4.16666666302083 0 0 0 0 14.5833333268229 -1.33992818577149 -0.474341649025257 -0.484045374143596 -0.876763558665852 1.12249013969691
"26" "car_han_5" "Carvalheiro_Helianthus_annuus" "Carvalheiro" "Helianthus_annuus" 0 96.2962962997942 0 0 1.85185185010288 1.85185185010288 0 0 0 0 3.70370370020576 -0.923825697087013 -0.474341649025257 -0.586582877476827 -0.0563847647506892 1.20184031788464
"27" "car_han_6" "Carvalheiro_Helianthus_annuus" "Carvalheiro" "Helianthus_annuus" 1.10701107017606 84.5018450219632 0 1.47601475875873 5.5350553508803 7.3800737982217 0 0 0 0 15.4981549780368 -0.0883713801271553 -0.474341649025257 -0.00553702532354698 0.0803450342351713 1.23332848383215
"28" "car_han_7" "Carvalheiro_Helianthus_annuus" "Carvalheiro" "Helianthus_annuus" 0 86.8266504704382 0.759416767945304 0 3.03766707178122 1.01255568958118 0.759416767945304 6.59173754272757 0 1.01255568958118 12.4139327616165 1.0715829950882 1.89736659610103 0.114773645117393 0.822592514522259 0.148876048599836
"29" "car_han_8" "Carvalheiro_Helianthus_annuus" "Carvalheiro" "Helianthus_annuus" 0 85.9375000004394 0 0 4.68749999985352 0 0 9.37499999970703 0 0 14.0624999995605 1.13208704237026 -0.474341649025257 -0.415687038451393 -0.69445715996595 -1.57541591868592
"30" "car_han_9" "Carvalheiro_Helianthus_annuus" "Carvalheiro" "Helianthus_annuus" 0 83.3052276562681 0 0 0 4.38448566771696 1.68634063909467 9.61214165245174 0 1.0118043844686 16.694772343732 -1.38556778520728 -0.474341649025257 -0.0465520264517641 -0.124098569910647 -0.917943013701869
"31" "car_min_1" "Carvalheiro_Mangifera_indica" "Carvalheiro" "Mangifera_indica" 25.075698161814 3.85154509065968 2.57840237439194 29.9721181971313 35.6067189999418 2.63494628611106 0 0 0.228437403345251 0.05213348660503 93.5700525349484 0.124905935017035 -0.369666737019308 -0.341905546519836 -0.869163669547162 1.43393148320113
"32" "car_min_2" "Carvalheiro_Mangifera_indica" "Carvalheiro" "Mangifera_indica" 88.4090634559414 1.32822832249517 0 6.24054419668885 1.61687329267188 1.09459012200955 1.31070061019318 0 0 0 98.6717716775048 -1.44360310640221 -0.562892834459728 1.48532544657843 -0.861777346521886 -0.81622367353502
"33" "car_min_3" "Carvalheiro_Mangifera_indica" "Carvalheiro" "Mangifera_indica" 13.6512442779657 7.59025277305559 23.4742571935009 4.47606357896468 21.4003719171142 1.49685756638527 25.1412583759942 0 0 2.76969431701944 68.9354900334435 0.783701839919734 1.49381676397359 -0.463996485038746 0.82179030653582 -0.517226104495532
"34" "car_min_4" "Carvalheiro_Mangifera_indica" "Carvalheiro" "Mangifera_indica" 21.948556432222 13.6613939814764 0.0326459362152534 0.0326459362152534 47.1809050028629 6.91332673084779 0.0646152727162011 0 3.26459362152534 6.90131708591886 86.3059600823083 0.534995331465446 -0.561257192494553 -0.679423415019851 0.909150709533229 -0.100481705170574
"35" "cha_cpa_1" "Chacoff_Citrus_paradisi" "Chacoff" "Citrus_paradisi" 0 71.3827523655738 21.4985293181273 4.27123099148786 0 2.84748732481109 0 0 0 0 7.11871831629895 NA 0.269034214750308 -0.280179056711448 -1.12074489311623 NA
"36" "cha_cpa_2" "Chacoff_Citrus_paradisi" "Chacoff" "Citrus_paradisi" 0 79.4573661282971 12.721343773606 7.39271528264871 0 0 0 0.42857481544819 0 0 7.8212900980969 NA 1.28565909219259 1.46825447897382 -0.549355447437018 NA
"37" "cha_cpa_3" "Chacoff_Citrus_paradisi" "Chacoff" "Citrus_paradisi" 0 98.8334656606398 0.654766340179415 0 0.0670421787561632 0.399015243999911 0 0.0457105764246567 0 0 0.511767999180731 NA -0.959233501030134 -0.767194975867098 0.680904292668571 NA
"38" "cha_cpa_4" "Chacoff_Citrus_paradisi" "Chacoff" "Citrus_paradisi" 0 97.7396255023208 1.36399850692475 0.670620893452964 0.0811234951234241 0.0519190368789914 0 0.0927125652990664 0 0 0.896375990754446 NA -0.595459805912768 -0.420880446395272 0.98919604788468 NA
"39" "cun_asq_1" "Cunningham_Annona_squamosa_atemoya" "Cunningham" "Annona_squamosa_atemoya" 0 0 0 0 100 0 0 0 0 0 100 NA 0 -0.10750852936584 0 -0.97866618527518
"40" "cun_asq_2" "Cunningham_Annona_squamosa_atemoya" "Cunningham" "Annona_squamosa_atemoya" 0 0 0 0 100 0 0 0 0 0 100 NA 0 0.618174043853581 0 -0.94176117549525
"41" "cun_asq_3" "Cunningham_Annona_squamosa_atemoya" "Cunningham" "Annona_squamosa_atemoya" 0 0 0 0 100 0 0 0 0 0 100 NA 0 1.19872010242912 0 -0.929459505568607
"42" "cun_asq_4" "Cunningham_Annona_squamosa_atemoya" "Cunningham" "Annona_squamosa_atemoya" 0 0 0 0 100 0 0 0 0 0 100 NA 0 -0.688054587941377 0 -0.375884358869657
"43" "cun_asq_5" "Cunningham_Annona_squamosa_atemoya" "Cunningham" "Annona_squamosa_atemoya" 0 0 0 0 100 0 0 0 0 0 100 NA 0 -0.591296911512121 0 -0.31437600923644
"44" "cun_asq_6" "Cunningham_Annona_squamosa_atemoya" "Cunningham" "Annona_squamosa_atemoya" 0 0 0 0 100 0 0 0 0 0 100 NA 0 1.82764499921928 0 0.116182438196076
"45" "cun_asq_7" "Cunningham_Annona_squamosa_atemoya" "Cunningham" "Annona_squamosa_atemoya" 0 0 0 0 100 0 0 0 0 0 100 NA 0 -0.301023882224352 0 0.485232535995376
"46" "cun_asq_8" "Cunningham_Annona_squamosa_atemoya" "Cunningham" "Annona_squamosa_atemoya" 0 0 0 0 100 0 0 0 0 0 100 NA 0 -1.00251703633646 0 0.977299333061109
"47" "cun_asq_9" "Cunningham_Annona_squamosa_atemoya" "Cunningham" "Annona_squamosa_atemoya" 0 0 0 0 100 0 0 0 0 0 100 NA 0 -0.954138198121831 0 1.96143292719257
"48" "cun_bra_1" "Cunningham_Brassica_napus" "Cunningham" "Brassica_napus" 0 48.6301369863014 15.2397260273973 0 0 0 0 0 0 36.1301369863014 36.1301369863014 NA -0.410439509710118 -0.484842057718219 -0.24429465219292 NA
"49" "cun_bra_2" "Cunningham_Brassica_napus" "Cunningham" "Brassica_napus" 0 61.2804878138292 4.57317072918092 0 0 0 0 0 0 34.1463414569899 34.1463414569899 NA -0.827661911002155 -0.506181258366451 0.203927507184494 NA
"50" "cun_bra_3" "Cunningham_Brassica_napus" "Cunningham" "Brassica_napus" 0 70.1346389219028 8.56793145612886 0 0 0 0 0 0 21.2974296219683 21.2974296219683 NA -0.791963737564287 -0.720792647585409 -0.379110563774461 NA
"51" "cun_bra_4" "Cunningham_Brassica_napus" "Cunningham" "Brassica_napus" 0 29.0370370273361 33.1851851920878 0 0 0 0 0 0 37.7777777805761 37.7777777805761 NA 1.81610281111711 -0.00201771436805738 0.274876039827487 NA
"52" "cun_bra_5" "Cunningham_Brassica_napus" "Cunningham" "Brassica_napus" 0 15.9459459462513 22.1621621594624 0 0 0 0 0 0 61.8918918942863 61.8918918942863 NA -0.207811809807707 -0.265702789967705 -1.4556057753245 NA
"53" "cun_bra_6" "Cunningham_Brassica_napus" "Cunningham" "Brassica_napus" 0 24.580380459445 8.95188362538615 0 0 0 0 0 0 66.4677359151688 66.4677359151688 NA 0.421774156967155 1.97953646800584 1.6002074442799 NA
"54" "fre_amu_1" "Freitas_Annona_muricata_L" "Freitas" "Annona_muricata_L" 7.5 0 0 0 92.5 0 0 0 0 0 100 -0.571963615973649 0 -0.638614523634463 0 NA
"55" "fre_amu_2" "Freitas_Annona_muricata_L" "Freitas" "Annona_muricata_L" 13.7404580152672 0 0 0 86.2595419847328 0 0 0 0 0 100 0.504673778800279 0 -0.127722904726893 0 NA
"56" "fre_amu_3" "Freitas_Annona_muricata_L" "Freitas" "Annona_muricata_L" 11.7647058823529 0 0 0 88.2352941176471 0 0 0 0 0 100 -1.0654224219117 0 -0.685059216262424 0 NA
"57" "fre_amu_4" "Freitas_Annona_muricata_L" "Freitas" "Annona_muricata_L" 7.27272727272727 0 0 0 92.7272727272727 0 0 0 0 0 100 1.13271225908507 0 1.45139664462378 0 NA
"58" "fre_asq_1" "Freitas_Annona_squamosa" "Freitas" "Annona_squamosa" 7.05882352941176 5.88235294117647 0 0 87.0588235294118 0 0 0 0 0 94.1176470588235 0.393919298579168 0 -0.618589574131742 -0.240192230707631 NA
"59" "fre_asq_2" "Freitas_Annona_squamosa" "Freitas" "Annona_squamosa" 9.52380952380952 9.52380952380952 0 0 80.9523809523809 0 0 0 0 0 90.4761904761905 -0.131306432859723 0 -0.866025403784439 1.20096115353815 NA
"60" "fre_asq_3" "Freitas_Annona_squamosa" "Freitas" "Annona_squamosa" 14.7826086956522 2.60869565217391 0 0 82.6086956521739 0 0 0 0 0 97.3913043478261 1.05045146287778 0 1.36089706308983 -1.20096115353815 NA
"61" "fre_asq_4" "Freitas_Annona_squamosa" "Freitas" "Annona_squamosa" 7.14285714285714 6.12244897959184 0 0 86.734693877551 0 0 0 0 0 93.8775510204082 -1.31306432859723 0 0.123717914826348 0.240192230707631 NA
"62" "gar_app_1" "garrett_apple" "garrett" "apple" 0 28.5714285714286 57.1428571428571 0 0 14.2857142857143 0 0 0 0 14.2857142857143 -0.790096331190787 0.375604321754647 -1.76464460677931 0.48719559784731 -0.347075060052424
"63" "gar_app_2" "garrett_apple" "garrett" "apple" 0 31.8181818181818 36.3636363636364 0 9.09090909090909 22.7272727272727 0 0 0 0 31.8181818181818 0.522510757341491 -0.256992430674232 -0.481266710939811 0.787008273445654 -1.36239911632519
"64" "gar_app_3" "garrett_apple" "garrett" "apple" 0 21.0526315789474 42.1052631578947 0 21.0526315789474 10.5263157894737 0 0 5.26315789473684 0 36.8421052631579 -0.348320806844769 -0.256992430674232 -0.481266710939811 -0.112429753349379 1.47636406141703
"65" "gar_app_4" "garrett_apple" "garrett" "apple" 0 0 8.33333333333333 8.33333333333333 0 58.3333333333333 0 0 0 25 91.6666666666667 1.01183444239499 -1.36403674742477 0.802111184899685 -1.31168045574276 -0.243470564514387
"66" "gar_app_5" "garrett_apple" "garrett" "apple" 6.66666666666667 6.66666666666667 46.6666666666667 0 0 26.6666666666667 0 0 6.66666666666667 6.66666666666667 46.6666666666667 -0.845865100110727 -0.415141618781452 -0.481266710939811 -1.01186778014441 1.24843417123334
"67" "gar_app_6" "garrett_apple" "garrett" "apple" 0 20 57.5 0 0 12.5 0 0 2.5 7.5 22.5 1.79543873229768 2.11524539093406 0.160422236979937 1.086820949044 0.523202702467087
"68" "gar_app_7" "garrett_apple" "garrett" "apple" 0 29.6296296296296 25.9259259259259 0 3.7037037037037 18.5185185185185 3.7037037037037 0 18.5185185185185 0 44.4444444444444 -0.910782945048272 -0.415141618781452 1.12295565885956 1.086820949044 -0.885818436850215
"69" "gar_app_8" "garrett_apple" "garrett" "apple" 8.33333333333333 4.16666666666667 45.8333333333333 4.16666666666667 12.5 16.6666666666667 4.16666666666667 0 4.16666666666667 0 50 -0.434718748839607 0.217455133647427 1.12295565885956 -1.01186778014441 -0.409237757375246
"70" "gar_bea_1" "garrett_field_bean" "garrett" "field_bean" 0 0.769230769230769 98.4615384615385 0 0 0.769230769230769 0 0 0 0 0.769230769230769 0.695022112856795 1.96148564314587 -0.935414346693485 -0.532447180478965 -0.792981177195907
"71" "gar_bea_2" "garrett_field_bean" "garrett" "field_bean" 0 0 95 0 0 2.5 0 2.5 0 0 5 -0.52441306302072 -0.224690305871199 0.935414346693485 -0.650768776140958 -0.764761206477192
"72" "gar_bea_3" "garrett_field_bean" "garrett" "field_bean" 0 30.7692307692308 61.5384615384615 3.84615384615385 0 3.84615384615385 0 0 0 0 7.69230769230769 -0.786200064080664 -0.759088871186483 0.935414346693485 0.295803989154981 -0.369681616415174
"73" "gar_bea_4" "garrett_field_bean" "garrett" "field_bean" 0 0 97.4358974358974 0 0 0 0 0 0 2.56410256410256 2.56410256410256 0.135648178968027 -0.224690305871199 -0.935414346693485 -0.650768776140958 1.93871198837576
"74" "gar_bea_5" "garrett_field_bean" "garrett" "field_bean" 0 9.52380952380952 85.7142857142857 2.38095238095238 0 0 0 0 0 2.38095238095238 4.76190476190476 0.0304858793969379 -0.273271993627134 0.935414346693485 -0.177482393492988 0.826845142058366
"75" "gar_bea_6" "garrett_field_bean" "garrett" "field_bean" 0 50 33.3333333333333 0 8.33333333333333 8.33333333333333 0 0 0 0 16.6666666666667 0.737534531832341 -1.05057899772209 0.935414346693485 0.0591607978309962 -0.809913159627137
"76" "gar_bea_7" "garrett_field_bean" "garrett" "field_bean" 0 46.2962962962963 51.8518518518518 0 0 0 0 0 0 1.85185185185185 1.85185185185185 1.44010819279663 -0.467598744650874 -0.935414346693485 2.30727111540885 -0.539001440727467
"77" "gar_bea_8" "garrett_field_bean" "garrett" "field_bean" 0 0 98.9010989010989 1.0989010989011 0 0 0 0 0 0 1.0989010989011 -1.72818576874935 1.03843357578311 -0.935414346693485 -0.650768776140958 0.510781470008752
"78" "gar_bna_1" "Garratt_potts_Brassica_napus" "Garratt_potts" "Brassica_napus" 0 9.72222222222222 4.16666666666667 0 5.55555555555556 77.7777777777778 0 1.38888888888889 0 1.38888888888889 86.1111111111111 NA -0.688568937757787 -0.96086770126034 0.221171062981195 0.207055520650891
"79" "gar_bna_2" "Garratt_potts_Brassica_napus" "Garratt_potts" "Brassica_napus" 0 0 10.4651162790698 0 4.65116279069767 79.0697674418605 0 1.16279069767442 0 4.65116279069767 89.5348837209302 NA 0.158900524097951 -0.725553162176175 -0.731565823707028 -0.848593183754239
"80" "gar_bna_3" "Garratt_potts_Brassica_napus" "Garratt_potts" "Brassica_napus" 0 8.69565217391304 7.97101449275362 0 2.89855072463768 73.9130434782609 0 0 0 6.52173913043478 83.3333333333333 NA 0.44139034471653 -0.129422996496291 0.90169741061564 -0.841296072894296
"81" "gar_bna_4" "Garratt_potts_Brassica_napus" "Garratt_potts" "Brassica_napus" 0 0 5.73248407643312 0 13.3757961783439 74.5222929936306 0 0 0 6.36942675159236 94.2675159235669 NA 0.158900524097951 0.388268989488872 -0.731565823707028 0.902713422632152
"82" "gar_bna_5" "Garratt_potts_Brassica_napus" "Garratt_potts" "Brassica_napus" 0 5.97014925373134 34.3283582089552 0 2.98507462686567 46.2686567164179 0 0 0 10.4477611940298 59.7014925373134 NA 2.13632926842801 -1.30599569191711 -0.187144745599472 -0.768324964294863
"83" "gar_bna_6" "Garratt_potts_Brassica_napus" "Garratt_potts" "Brassica_napus" 0 0 3.10077519379845 0 2.32558139534884 92.2480620155039 0 0.775193798449612 0 1.55038759689922 96.8992248062015 NA -0.547324027448498 0.0274533628931526 -0.731565823707028 0.345700626989813
"84" "gar_bna_7" "Garratt_potts_Brassica_napus" "Garratt_potts" "Brassica_napus" 0 0 0.462962962962963 0 7.40740740740741 89.8148148148148 0 0.462962962962963 0 1.85185185185185 99.537037037037 NA -0.971058758376367 1.43934059739814 -0.731565823707028 -0.821837110601114
"85" "gar_bna_8" "Garratt_potts_Brassica_napus" "Garratt_potts" "Brassica_napus" 0 8.81057268722467 1.3215859030837 0 31.2775330396476 52.863436123348 0 0.440528634361234 0 5.2863436123348 89.8678414096916 NA -0.688568937757787 1.26677660206975 1.99053956683075 1.82458176127165
"86" "gar_str_1" "garrett_strawberry" "garrett" "strawberry" 0 33.3333333333333 66.6666666666667 0 0 0 0 0 0 0 0 -0.196498872732666 -0.996089773611766 -1.4317602620108 -1.29496967238063 -0.822858364113038
"87" "gar_str_2" "garrett_strawberry" "garrett" "strawberry" 0 36.4928909952607 61.1374407582938 0 0.4739336492891 0 0 0 0 1.8957345971564 2.3696682464455 -0.121540174687507 1.33577015723974 -0.351186479361139 0.362591508266577 -0.44886263172078
"88" "gar_str_3" "garrett_strawberry" "garrett" "strawberry" 0 82.0224719101124 16.2921348314607 0 0.561797752808989 1.12359550561798 0 0 0 0 1.68539325842697 -1.04835093408872 -0.500340024533099 -0.783415992421002 1.86748258016997 -1.39469241871279
"89" "gar_str_4" "garrett_strawberry" "garrett" "strawberry" 0 28.921568627451 67.156862745098 0 0 0 0 0 0 3.92156862745098 3.92156862745098 0.690690860558962 1.48265897178157 0.297157790228656 -0.0299887713603936 -0.573527875851533
"90" "gar_str_5" "garrett_strawberry" "garrett" "strawberry" 0 25.8064516129032 32.258064516129 0 0 0 0 0 0 41.9354838709677 41.9354838709677 1.83006307084537 -0.849200959069939 1.37773157287831 -1.14229956363681 0.789659467578218
"91" "gar_str_6" "garrett_strawberry" "garrett" "strawberry" 0 45.8333333333333 50 0 1.19047619047619 1.19047619047619 0 0 0 1.78571428571429 4.16666666666667 NA 0.509520575441963 0.0810430336987244 0.362591508266577 1.6948375445276
"92" "gar_str_7" "garrett_strawberry" "garrett" "strawberry" 0 66.1290322580645 12.9032258064516 0 1.61290322580645 6.45161290322581 0 0 0 12.9032258064516 20.9677419354839 -0.998556941815863 -0.885923162705395 1.37773157287831 -0.422569050987364 0.55929977733661
"93" "gar_str_8" "garrett_strawberry" "garrett" "strawberry" 0 57.3643410852713 39.5348837209302 0 0 0.775193798449612 0 0 0 2.32558139534884 3.10077519379845 -0.15580700807958 -0.0963957845430741 -0.567301235891071 0.297161461662082 0.196144500955722
"94" "hip_min_1" "Hipolito_Mangifera_indica" "Hipolito" "Mangifera_indica" 0 0.144927536231884 0.289855072463768 8.84057971014493 4.34782608695652 84.4927536231884 0 1.59420289855072 0 0.289855072463768 99.5652173913043 NA -0.475293187893358 1.4657776304716 -1.20096115353815 NA
"95" "hip_min_2" "Hipolito_Mangifera_indica" "Hipolito" "Mangifera_indica" 0 11.0344827586207 0.689655172413793 40.6896551724138 3.44827586206897 38.6206896551724 0 4.82758620689655 0 0.689655172413793 88.2758620689655 NA -0.855527738208045 -0.617807100446709 1.20096115353815 NA
"96" "hip_min_3" "Hipolito_Mangifera_indica" "Hipolito" "Mangifera_indica" 0 2.72373540856031 2.72373540856031 18.2879377431907 1.55642023346304 72.3735408560311 0 1.94552529182879 0 0.389105058365759 94.5525291828794 NA 1.42587956368008 -0.189162656697861 -0.240192230707631 NA
"97" "hip_min_4" "Hipolito_Mangifera_indica" "Hipolito" "Mangifera_indica" 0 7.69230769230769 2.30769230769231 11.5384615384615 0 78.4615384615385 0 0 0 0 90 NA -0.0950586375786717 -0.658807873327033 0.240192230707631 NA
"98" "how_ace_1" "Howlett_Allium_cepa" "Howlett" "Allium_cepa" 0 62.6890756302521 1.68067226890756 0 1.68067226890756 30.5882352941176 0.840336134453782 0.168067226890756 0.336134453781513 2.01680672268908 35.6302521008403 NA -0.87929969262025 -0.0847252125759558 -0.483753889826541 NA
"99" "how_ace_10" "Howlett_Allium_cepa" "Howlett" "Allium_cepa" 0 51.3333333333333 1.66666666666667 0 0.333333333333333 42.3333333333333 0 0 0 4.33333333333333 47 NA -0.929003169592617 -0.597673980186975 -0.900848779086433 NA
"100" "how_ace_11" "Howlett_Allium_cepa" "Howlett" "Allium_cepa" 0 75.3810975609756 6.40243902439024 0 0.152439024390244 13.7957317073171 0 0 0 4.26829268292683 18.2164634146341 NA -0.143688233429208 0.110339811726826 0.689444520146488 NA
"101" "how_ace_2" "Howlett_Allium_cepa" "Howlett" "Allium_cepa" 0 48.2993197278912 2.04081632653061 0 6.34920634920635 36.9614512471655 0 0 0 6.34920634920635 49.6598639455782 NA -0.889240388014723 -0.0341527988678271 -0.788480749559795 NA
"102" "how_ace_3" "Howlett_Allium_cepa" "Howlett" "Allium_cepa" 0 41.0958904109589 25.280199252802 0 3.23785803237858 29.6388542963885 0 0.12453300124533 0 0.62266500622665 33.6239103362391 NA 1.03925451851314 0.334303358148539 -0.565649233379853 NA
"103" "how_ace_4" "Howlett_Allium_cepa" "Howlett" "Allium_cepa" 0 53.3426183844011 39.4150417827298 0 0.278551532033426 5.57103064066852 0.139275766016713 0.557103064066852 0 0.696378830083565 7.24233983286908 NA 1.83451015007102 -1.24066609733318 -0.464708461093213 NA
"104" "how_ace_5" "Howlett_Allium_cepa" "Howlett" "Allium_cepa" 0 36.1596009975062 44.6384039900249 0 0 16.7082294264339 0 0 0.249376558603491 2.24438902743142 19.2019950124688 NA 0.800677829045777 -1.06005033408987 -0.917989664946429 NA
"105" "how_ace_6" "Howlett_Allium_cepa" "Howlett" "Allium_cepa" 0 65.6579550664833 9.21595598349381 0 0.687757909215956 23.4296194406236 0 0.0917010545621275 0 0.917010545621275 25.1260889500229 NA 1.01937312772419 2.34275064541422 1.53315701303294 NA
"106" "how_ace_7" "Howlett_Allium_cepa" "Howlett" "Allium_cepa" 0 80.4449042938438 0.724262803931712 0 0.8277289187791 14.2265907915158 0.362131401965856 0.0517330574236937 0.0517330574236937 3.3109156751164 18.8308329022245 NA -0.839536911042355 1.01341862794341 1.76741578645287 NA
"107" "how_ace_8" "Howlett_Allium_cepa" "Howlett" "Allium_cepa" 0 59.2668024439918 3.05498981670061 0 3.46232179226069 26.4765784114053 0 0 0 7.73930753564155 37.6782077393075 NA -0.829596215647882 -0.279790236878738 -0.639926405439834 NA
"108" "how_ace_9" "Howlett_Allium_cepa" "Howlett" "Allium_cepa" 0 81.5165876777251 6.31911532385466 0 0.23696682464455 9.32069510268562 0.394944707740916 0.23696682464455 0 1.97472353870458 12.1642969984202 NA -0.183451015007102 -0.503753783300451 0.7713398636998 NA
"109" "how_dca_1" "Howlett_Daucus_carota" "Howlett" "Daucus_carota" 0 2.83687943262411 3.54609929078014 0 0 56.7375886524823 0 4.25531914893617 0 32.6241134751773 93.6170212765958 NA -0.184338228602403 -0.35853580388236 -0.933326458846825 NA
"110" "how_dca_2" "Howlett_Daucus_carota" "Howlett" "Daucus_carota" 0 6.31970260223048 4.46096654275093 0 44.6096654275093 26.0223048327138 3.71747211895911 1.11524163568773 0.743494423791822 13.0111524163569 89.2193308550186 NA 1.10602937161442 1.19033886888943 -0.402911422125132 NA
"111" "how_dca_3" "Howlett_Daucus_carota" "Howlett" "Daucus_carota" 0 24.4147157190635 5.35117056856187 0 16.0535117056856 39.7993311036789 0 0 0 14.38127090301 70.2341137123746 NA 1.84338228602403 0.760095904230602 1.88195335144524 NA
"112" "how_dca_4" "Howlett_Daucus_carota" "Howlett" "Daucus_carota" 0 46.5116279069767 6.97674418604651 0 0 26.7441860465116 0 0 0 19.7674418604651 46.5116279069767 NA 0 -1.67794756216944 0.535515181305556 NA
"113" "how_dca_5" "Howlett_Daucus_carota" "Howlett" "Daucus_carota" 0 23.7113402061856 2.06185567010309 0 1.54639175257732 42.7835051546392 1.54639175257732 2.06185567010309 0 26.2886597938144 74.2268041237113 NA -0.368676457204806 -0.186438618018827 0.780322121330952 NA
"114" "how_dca_6" "Howlett_Daucus_carota" "Howlett" "Daucus_carota" 0 3.95256916996047 0.395256916996047 0 6.71936758893281 67.1936758893281 0 0 0 21.7391304347826 95.6521739130435 NA -0.921691143012016 1.21902173320002 -0.688519518821429 NA
"115" "how_dca_7" "Howlett_Daucus_carota" "Howlett" "Daucus_carota" 0 16.9117647058824 2.94117647058824 0 0 35.2941176470588 2.20588235294118 6.61764705882353 0 36.0294117647059 80.1470588235294 NA -0.368676457204806 -0.68838874345413 -0.158104482099735 NA
"116" "how_dca_8" "Howlett_Daucus_carota" "Howlett" "Daucus_carota" 0 1.41843971631206 0 0 5.67375886524823 60.9929078014184 0 0 0 31.9148936170213 98.5815602836879 NA -1.10602937161442 -0.258145778795299 -1.01492877218862 NA
"117" "jau_bna_1" "Jauker_Brassica_napus" "Jauker" "Brassica_napus" 0 9.09090909090909 81.8181818181818 0 0 0 0 0 0 9.09090909090909 9.09090909090909 NA 2.26937673332375 -0.0811019258136527 -0.430747865673023 NA
"118" "jau_bna_10" "Jauker_Brassica_napus" "Jauker" "Brassica_napus" 0 0 87.5 0 0 0 0 0 0 12.5 12.5 NA -0.0384640124292161 -0.380555190356371 -0.818420944778745 NA
"119" "jau_bna_11" "Jauker_Brassica_napus" "Jauker" "Brassica_napus" 0 0 0 0 0 0 0 0 0 100 100 NA -0.846208273442755 0.0686247064577062 -0.818420944778745 NA
"120" "jau_bna_12" "Jauker_Brassica_napus" "Jauker" "Brassica_napus" 0 9.09090909090909 27.2727272727273 0 0 0 0 0 0 63.6363636363636 63.6363636363636 NA -0.50003216157981 0.517804603271783 -0.689196585076838 NA
"121" "jau_bna_13" "Jauker_Brassica_napus" "Jauker" "Brassica_napus" 0 61.9047619047619 23.8095238095238 0 0 0 0 0 0 14.2857142857143 14.2857142857143 NA -0.269248087004513 -0.0811019258136527 0.861495731346047 NA
"122" "jau_bna_14" "Jauker_Brassica_napus" "Jauker" "Brassica_napus" 0 69.6969696969697 27.2727272727273 0 0 0 0 0 0 3.03030303030303 3.03030303030303 NA 0.192320062146081 -0.380555190356371 2.15373932836512 NA
"123" "jau_bna_15" "Jauker_Brassica_napus" "Jauker" "Brassica_napus" 0 0 100 0 0 0 0 0 0 0 0 NA -0.615424198867458 -0.53028182262773 -0.818420944778745 NA
"124" "jau_bna_16" "Jauker_Brassica_napus" "Jauker" "Brassica_napus" 0 70 20 0 0 0 0 0 0 10 10 NA -0.153856049716865 -0.0811019258136527 1.8952906089613 NA
"125" "jau_bna_17" "Jauker_Brassica_napus" "Jauker" "Brassica_napus" 0 0 100 0 0 0 0 0 0 0 0 NA -0.615424198867458 -0.53028182262773 -0.818420944778745 NA
"126" "jau_bna_18" "Jauker_Brassica_napus" "Jauker" "Brassica_napus" 0 40.9090909090909 54.5454545454545 0 0 0 0 0 0 4.54545454545455 4.54545454545455 NA 0.538496174009026 -0.380555190356371 0.344598292538419 NA
"127" "jau_bna_19" "Jauker_Brassica_napus" "Jauker" "Brassica_napus" 0 50 50 0 0 0 0 0 0 0 0 NA -0.730816236155107 -0.53028182262773 -0.689196585076838 NA
"128" "jau_bna_2" "Jauker_Brassica_napus" "Jauker" "Brassica_napus" 0 28.5714285714286 71.4285714285714 0 0 0 0 0 0 0 0 NA -0.269248087004513 -0.53028182262773 -0.559972225374931 NA
"129" "jau_bna_20" "Jauker_Brassica_napus" "Jauker" "Brassica_napus" 0 83.3333333333333 16.6666666666667 0 0 0 0 0 0 0 0 NA -0.730816236155107 -0.53028182262773 -0.172299146269209 NA
"130" "jau_bna_21" "Jauker_Brassica_napus" "Jauker" "Brassica_napus" 0 78.2608695652174 17.3913043478261 0 0 0 0 0 0 4.34782608695652 4.34782608695652 NA -0.384640124292162 -0.380555190356371 1.50761752985558 NA
"131" "jau_bna_22" "Jauker_Brassica_napus" "Jauker" "Brassica_napus" 0 21.4285714285714 14.2857142857143 0 0 0 0 0 0 64.2857142857143 64.2857142857143 NA -0.615424198867458 0.817257867814501 -0.430747865673023 NA
"132" "jau_bna_23" "Jauker_Brassica_napus" "Jauker" "Brassica_napus" 0 31.8181818181818 31.8181818181818 0 0 0 0 0 0 36.3636363636364 36.3636363636364 NA -0.0384640124292161 0.667531235543142 0.0861495731346047 NA
"133" "jau_bna_24" "Jauker_Brassica_napus" "Jauker" "Brassica_napus" 0 100 0 0 0 0 0 0 0 0 0 NA -0.846208273442755 -0.53028182262773 -0.0430747865673023 NA
"134" "jau_bna_3" "Jauker_Brassica_napus" "Jauker" "Brassica_napus" 0 0 100 0 0 0 0 0 0 0 0 NA -0.730816236155107 -0.53028182262773 -0.818420944778745 NA
"135" "jau_bna_4" "Jauker_Brassica_napus" "Jauker" "Brassica_napus" 0 0 100 0 0 0 0 0 0 0 0 NA -0.50003216157981 -0.53028182262773 -0.818420944778745 NA
"136" "jau_bna_5" "Jauker_Brassica_napus" "Jauker" "Brassica_napus" 0 26.3157894736842 63.1578947368421 0 0 0 0 0 0 10.5263157894737 10.5263157894737 NA 0.538496174009026 -0.230828558085012 -0.172299146269209 NA
"137" "jau_bna_6" "Jauker_Brassica_napus" "Jauker" "Brassica_napus" 0 0 50 0 0 0 0 0 0 50 50 NA -0.0384640124292161 0.517804603271783 -0.818420944778745 NA
"138" "jau_bna_7" "Jauker_Brassica_napus" "Jauker" "Brassica_napus" 0 25.3012048192771 36.144578313253 0 0 0 0 0 0 38.5542168674699 38.5542168674699 NA 2.6155528451867 4.26097041005576 1.8952906089613 NA
"139" "jau_bna_8" "Jauker_Brassica_napus" "Jauker" "Brassica_napus" 0 0 100 0 0 0 0 0 0 0 0 NA -0.50003216157981 -0.53028182262773 -0.818420944778745 NA
"140" "jau_bna_9" "Jauker_Brassica_napus" "Jauker" "Brassica_napus" 0 31.8181818181818 61.3636363636364 0 0 0 0 0 0 6.81818181818182 6.81818181818182 NA 2.26937673332375 -0.0811019258136527 0.990720091047954 NA
"141" "lin_bna_1" "Lindstrom_Brassica_napus" "Lindstrom" "Brassica_napus" 0 76.6917293233083 1.50375939849624 3.00751879699248 1.50375939849624 16.5413533834586 0 0 0 0.75187969924812 21.8045112781955 NA -0.240900730191394 0.704642151294234 0.515113936267993 -0.888853507735559
"142" "lin_bna_10" "Lindstrom_Brassica_napus" "Lindstrom" "Brassica_napus" 0 29.7297297297297 0 2.7027027027027 2.7027027027027 64.8648648648649 0 0 0 0 70.2702702702703 NA -0.606405286343853 0.446273362486349 -0.919181057346084 -0.824457269169673
"143" "lin_bna_11" "Lindstrom_Brassica_napus" "Lindstrom" "Brassica_napus" 0 84 14.6666666666667 1.33333333333333 0 0 0 0 0 0 1.33333333333333 NA 1.40386977249467 -1.70679987757937 -0.0995839181380402 -0.6956647920379
"144" "lin_bna_12" "Lindstrom_Brassica_napus" "Lindstrom" "Brassica_napus" 0 53.9325842696629 21.3483146067416 2.24719101123596 0 16.8539325842697 1.12359550561798 2.24719101123596 0 2.24719101123596 24.7191011235955 NA 2.86588799710451 0.101781644075834 -0.336006169832668 -0.462041228868637
"145" "lin_bna_13" "Lindstrom_Brassica_napus" "Lindstrom" "Brassica_napus" 0 93.3014354066986 0.956937799043062 0.478468899521531 0 5.26315789473684 0 0 0 0 5.74162679425837 NA -0.240900730191394 -0.759447651950452 1.98093189677469 3.22352023882082
"146" "lin_bna_14" "Lindstrom_Brassica_napus" "Lindstrom" "Brassica_napus" 0 0 0 3.57142857142857 0 89.2857142857143 0 0 0 7.14285714285714 100 NA -0.606405286343853 0.618519221691606 -1.09255737525548 1.13738162667478
"147" "lin_bna_15" "Lindstrom_Brassica_napus" "Lindstrom" "Brassica_napus" 0 0 0 3.57142857142857 0 92.8571428571429 0 0 0 3.57142857142857 100 NA -0.606405286343853 0.618519221691606 -1.09255737525548 0.899265302675337
"148" "lin_bna_16" "Lindstrom_Brassica_napus" "Lindstrom" "Brassica_napus" 0 63.6942675159236 0.636942675159236 0 0 35.031847133758 0 0 0 0.636942675159236 35.6687898089172 NA -0.423653008267624 3.02996125056521 0.483590969375375 0.38709056803503
"149" "lin_bna_17" "Lindstrom_Brassica_napus" "Lindstrom" "Brassica_napus" 0 10 6.66666666666667 10 0 73.3333333333333 0 0 0 0 83.3333333333333 NA -0.240900730191394 0.36015043288372 -1.04527292491655 0.673129674223038
"150" "lin_bna_18" "Lindstrom_Brassica_napus" "Lindstrom" "Brassica_napus" 0 95.1612903225807 0.537634408602151 1.0752688172043 0 2.68817204301075 0 0 0 0.537634408602151 4.3010752688172 NA -0.423653008267624 -1.10393937036097 1.69722519474113 0.451486806600917
"151" "lin_bna_19" "Lindstrom_Brassica_napus" "Lindstrom" "Brassica_napus" 0 87.3015873015873 2.11640211640212 0 0 10.0529100529101 0 0 0 0.529100529100529 10.5820105820106 NA 0.124603825961066 -0.0704642151294233 1.50808739338543 -0.8394331386036
"152" "lin_bna_2" "Lindstrom_Brassica_napus" "Lindstrom" "Brassica_napus" 0 9.75609756097561 9.75609756097561 2.4390243902439 2.4390243902439 68.2926829268293 0 0 0 7.31707317073171 80.4878048780488 NA 0.124603825961066 1.04913386970475 -1.02951144147024 -0.912814898829843
"153" "lin_bna_20" "Lindstrom_Brassica_napus" "Lindstrom" "Brassica_napus" 0 19.047619047619 0 0 0 80.9523809523809 0 0 0 0 80.9523809523809 NA -0.606405286343853 -0.328833003937309 -1.02951144147024 1.06849262727871
"154" "lin_bna_21" "Lindstrom_Brassica_napus" "Lindstrom" "Brassica_napus" 0 60 0 6.66666666666667 0 26.6666666666667 0 0 0 6.66666666666667 40 NA -0.606405286343853 -1.27618522956622 -0.950704024238701 -0.295809078152046
"155" "lin_bna_22" "Lindstrom_Brassica_napus" "Lindstrom" "Brassica_napus" 0 78.5714285714286 0.714285714285714 0.714285714285714 1.42857142857143 16.4285714285714 0.714285714285714 0.714285714285714 0 0.714285714285714 20.7142857142857 NA -0.423653008267624 0.704642151294234 0.641205803838461 -0.276340447887941
"156" "lin_bna_23" "Lindstrom_Brassica_napus" "Lindstrom" "Brassica_napus" 0 63.8888888888889 0 2.77777777777778 2.77777777777778 30.5555555555556 0 0 0 0 36.1111111111111 NA -0.606405286343853 -0.673324722347824 -0.730043255990381 -0.334746338680256
"157" "lin_bna_24" "Lindstrom_Brassica_napus" "Lindstrom" "Brassica_napus" 0 87.8571428571429 0 1.42857142857143 0 10.7142857142857 0 0 0 0 12.1428571428571 NA -0.606405286343853 -0.328833003937309 0.846105088640472 -0.837935551660207
"158" "lin_bna_4" "Lindstrom_Brassica_napus" "Lindstrom" "Brassica_napus" 0 64.2276422764228 14.6341463414634 4.8780487804878 0 11.3821138211382 0 0 0.813008130081301 4.0650406504065 21.1382113821138 NA 2.68313571902828 0.446273362486349 0.152599817002896 NA
"159" "lin_bna_5" "Lindstrom_Brassica_napus" "Lindstrom" "Brassica_napus" 0 88.8888888888889 0.617283950617284 0.617283950617284 0 9.87654320987654 0 0 0 0 10.4938271604938 NA -0.423653008267624 -0.328833003937309 1.17709624101295 -0.246388709020086
"160" "lin_bna_6" "Lindstrom_Brassica_napus" "Lindstrom" "Brassica_napus" 0 76.1904761904762 2.38095238095238 2.38095238095238 0 19.047619047619 0 0 0 0 21.4285714285714 NA -0.240900730191394 -0.242710074334681 -0.0838224346917316 -0.00228203724707455
"161" "lin_bna_7" "Lindstrom_Brassica_napus" "Lindstrom" "Brassica_napus" 0 88.8888888888889 3.03030303030303 2.02020202020202 0 5.05050505050505 0 1.01010101010101 0 0 8.08080808080808 NA -0.058148452115164 -1.10393937036097 0.294453168019673 -0.793007943358426
"162" "lin_bna_8" "Lindstrom_Brassica_napus" "Lindstrom" "Brassica_napus" 0 38.2352941176471 5.88235294117647 0 0 55.8823529411765 0 0 0 0 55.8823529411765 NA -0.240900730191394 -0.156587144732052 -0.887658090453467 -0.43059190305739
"163" "may_kiwi_1" "mayfield_Actinidia_kiwi" "mayfield" "Actinidia_kiwi" 0.592415138775063 85.0687430924448 2.5346437248359 0 0.827638760401996 0 0 0 0 10.9765592835422 12.3966131827193 -0.197433188629507 1.15401662779884 1.00682846892691 0.746763022534721 1.15426598314535
"164" "may_kiwi_2" "mayfield_Actinidia_kiwi" "mayfield" "Actinidia_kiwi" 0 98.4926960847069 0 0 0 1.50730391529306 0 0 0 0 1.50730391529306 1.20474478612295 -0.845963895096285 -1.16848629407349 -1.13290201345116 -0.11123714731188
"165" "may_kiwi_3" "mayfield_Actinidia_kiwi" "mayfield" "Actinidia_kiwi" 3.38372132546062 85.8024053387597 4.17493517423887 0 1.16197144768533 1.46583972552807 0 0 0 4.01112698832744 10.0226594870015 -1.73580581130667 1.38038148645112 -0.00729033711195908 -0.0589481560843314 -1.26694776873401
"166" "may_kiwi_4" "mayfield_Actinidia_kiwi" "mayfield" "Actinidia_kiwi" 0.315504452971614 98.9410024259768 0.427988668079953 0 0 0 0 0 0 0.315504452971614 0.631008905943229 -0.211370471590495 -0.459809715948911 -1.09877470762314 1.58176786625249 0.223918932900539
"167" "may_kiwi_5" "mayfield_Actinidia_kiwi" "mayfield" "Actinidia_kiwi" 4.23282034912649 73.5805110333657 1.0396790435592 0 0.0785182716608892 18.2857838228928 0 0 0 2.78268747939499 25.3798099230751 0.398385043394982 -0.413123779017903 1.1861369867185 -0.629135176506499 NA
"168" "may_kiwi_6" "mayfield_Actinidia_kiwi" "mayfield" "Actinidia_kiwi" 1.46316620529409 85.4523896176166 0.0768846823619322 0 5.58718050709043 7.21502873736316 0 0 0 0.20535025027377 14.4707257000214 0.541479642008743 -0.815500724186853 0.0815858831631805 -0.507545542745223 NA
"169" "pis_cla_1" "pisanty_mandelik_Citrullus_lanatus" "pisanty_mandelik" "Citrullus_lanatus" 0 83.4254143646409 14.9171270718232 0.552486187845304 0 0.552486187845304 0 0 0.552486187845304 0 1.65745856353591 NA 0.779301279987354 -0.237609152937368 0.606104418452134 -0.566021225723877
"170" "pis_cla_10" "pisanty_mandelik_Citrullus_lanatus" "pisanty_mandelik" "Citrullus_lanatus" 0 78.4313725490196 19.6078431372549 0 1.96078431372549 0 0 0 0 0 1.96078431372549 NA -0.188830694766167 -0.548959077475987 -0.72681968844625 -0.566021225723877
"171" "pis_cla_11" "pisanty_mandelik_Citrullus_lanatus" "pisanty_mandelik" "Citrullus_lanatus" 0 92 6.66666666666667 0 0 0 0 1.33333333333333 0 0 1.33333333333333 NA -0.473575393223084 -0.548959077475987 -0.378578255112438 -0.566021225723877
"172" "pis_cla_12" "pisanty_mandelik_Citrullus_lanatus" "pisanty_mandelik" "Citrullus_lanatus" 0 95.4545454545455 3.8961038961039 0.324675324675325 0 0.324675324675325 0 0 0 0 0.649350649350649 NA -0.0749328153833994 -0.393284115206677 2.32329493454645 -0.566021225723877
"173" "pis_cla_13" "pisanty_mandelik_Citrullus_lanatus" "pisanty_mandelik" "Citrullus_lanatus" 0 92.7631578947368 5.26315789473684 0 0 0.657894736842105 0 0 0 1.31578947368421 1.97368421052632 NA -0.302728574148934 -0.237609152937368 0.486021165578406 -0.315918823659838
"174" "pis_cla_14" "pisanty_mandelik_Citrullus_lanatus" "pisanty_mandelik" "Citrullus_lanatus" 0 93.8461538461538 3.07692307692308 0 2.30769230769231 0 0 0 0.769230769230769 0 3.07692307692308 NA -0.530524332914468 -0.0819341906680578 0.257862985118322 -0.365939304072646
"175" "pis_cla_15" "pisanty_mandelik_Citrullus_lanatus" "pisanty_mandelik" "Citrullus_lanatus" 1.08695652173913 83.695652173913 14.1304347826087 0 0 1.08695652173913 0 0 0 0 2.17391304347826 NA -0.0179838756920159 -0.393284115206677 -0.282511652813456 -0.566021225723877
"176" "pis_cla_16" "pisanty_mandelik_Citrullus_lanatus" "pisanty_mandelik" "Citrullus_lanatus" 0.33003300330033 94.7194719471947 3.63036303630363 0 0 1.32013201320132 0 0 0 0 1.65016501650165 NA -0.131881755074783 0.073740771601252 2.23923665753484 -0.0658164215957996
"177" "pis_cla_17" "pisanty_mandelik_Citrullus_lanatus" "pisanty_mandelik" "Citrullus_lanatus" 0 84.1584158415842 8.91089108910891 0 0.99009900990099 0 0 4.95049504950495 0 0.99009900990099 6.93069306930693 NA -0.24577963445755 0.385090696139872 -0.186445050514473 -0.566021225723877
"178" "pis_cla_18" "pisanty_mandelik_Citrullus_lanatus" "pisanty_mandelik" "Citrullus_lanatus" 1.49253731343284 91.044776119403 4.47761194029851 0 0 2.98507462686567 0 0 0 0 4.47761194029851 NA -0.587473272605851 -0.237609152937368 -0.474644857411421 2.43520759904459
"179" "pis_cla_19" "pisanty_mandelik_Citrullus_lanatus" "pisanty_mandelik" "Citrullus_lanatus" 4.65116279069767 76.7441860465116 16.2790697674419 0 2.32558139534884 0 0 0 0 0 6.97674418604651 NA -0.359677513840317 -0.237609152937368 -0.81087796545786 0.184285980468239
"180" "pis_cla_2" "pisanty_mandelik_Citrullus_lanatus" "pisanty_mandelik" "Citrullus_lanatus" 1.92307692307692 20.1923076923077 75 0.961538461538462 0.961538461538462 0.961538461538462 0 0 0 0 4.80769230769231 NA 3.68369720424792 0.073740771601252 -0.954977868906334 -0.566021225723877
"181" "pis_cla_3" "pisanty_mandelik_Citrullus_lanatus" "pisanty_mandelik" "Citrullus_lanatus" 14.2857142857143 78.5714285714286 0 0 0 7.14285714285714 0 0 0 0 21.4285714285714 NA -0.758320091680002 -0.237609152937368 -1.07506112178006 -0.566021225723877
"182" "pis_cla_4" "pisanty_mandelik_Citrullus_lanatus" "pisanty_mandelik" "Citrullus_lanatus" 0 96.2264150943396 3.77358490566038 0 0 0 0 0 0 0 0 NA -0.644422212297235 -0.704634039745297 -0.594728110285149 -0.265898343247031
"183" "pis_cla_5" "pisanty_mandelik_Citrullus_lanatus" "pisanty_mandelik" "Citrullus_lanatus" 0 87.8205128205128 8.33333333333333 0 0 0 0 1.92307692307692 1.28205128205128 0.641025641025641 3.84615384615385 NA -0.0179838756920159 0.229415733870562 0.437987864428914 -0.566021225723877
"184" "pis_cla_6" "pisanty_mandelik_Citrullus_lanatus" "pisanty_mandelik" "Citrullus_lanatus" 0 98.5074626865672 0 0 0 0 0 0 0 1.49253731343284 1.49253731343284 NA -0.758320091680002 -0.548959077475987 -0.414603230974557 -0.0658164215957996
"185" "pis_cla_7" "pisanty_mandelik_Citrullus_lanatus" "pisanty_mandelik" "Citrullus_lanatus" 0 86.2068965517241 8.62068965517241 0 1.72413793103448 0 0 3.44827586206897 0 0 5.17241379310345 NA -0.473575393223084 -0.237609152937368 -0.606736435572522 1.93500279491651
"186" "pis_cla_8" "pisanty_mandelik_Citrullus_lanatus" "pisanty_mandelik" "Citrullus_lanatus" 0 51.1627906976744 39.5348837209302 0 2.32558139534884 2.32558139534884 0 0 0 4.65116279069767 9.30232558139535 NA 0.209811883073518 -0.0819341906680578 -0.942969543618961 2.18510519698055
"187" "pis_cla_9" "pisanty_mandelik_Citrullus_lanatus" "pisanty_mandelik" "Citrullus_lanatus" 2.39043824701195 76.4940239043825 11.5537848605578 0.398406374501992 0.398406374501992 3.98406374501992 0 0 0.796812749003984 3.98406374501992 11.9521912350598 NA 0.893199159370121 3.965614828334 1.09844575523442 -0.566021225723877
"188" "ree_mdo_1" "Reemer_Kleijn_Malus_domestica" "Reemer_Kleijn" "Malus_domestica" 0 8.10810810810811 86.4864864864865 0 0 0 0 0 0 5.40540540540541 5.40540540540541 NA 0.484403325434263 -1.55134350376268 -0.957189230588441 NA
"189" "ree_mdo_2" "Reemer_Kleijn_Malus_domestica" "Reemer_Kleijn" "Malus_domestica" 0 37.2549019607843 43.1372549019608 0 0 0 0 0 0 19.6078431372549 19.6078431372549 NA -0.5920485088641 0.408248290463863 -0.513275384518439 NA
"190" "ree_mdo_3" "Reemer_Kleijn_Malus_domestica" "Reemer_Kleijn" "Malus_domestica" 0 70.4545454545455 25 0 0 0 0 0 0 4.54545454545455 4.54545454545455 NA 0.5920485088641 -0.571547606649408 1.53982615355532 NA
"191" "ree_mdo_4" "Reemer_Kleijn_Malus_domestica" "Reemer_Kleijn" "Malus_domestica" 0 39.7590361445783 48.1927710843374 0 0 0 0 0 0 12.0481927710843 12.0481927710843 NA 1.34556479287295 0.408248290463863 -0.124850769207188 NA
"192" "ree_mdo_5" "Reemer_Kleijn_Malus_domestica" "Reemer_Kleijn" "Malus_domestica" 0 20 60 0 0 0 0 0 0 20 20 NA -0.376758142004427 -0.0816496580927727 -0.818466153691566 NA
"193" "ree_mdo_6" "Reemer_Kleijn_Malus_domestica" "Reemer_Kleijn" "Malus_domestica" 0 71.1340206185567 14.4329896907216 0 0 0 0 0 0 14.4329896907216 14.4329896907216 NA -1.45320997630279 1.38804418757713 0.873955384450316 NA
"194" "ree_pcom_1" "Reemer_Kleijn_Pyrus_communis" "Reemer_Kleijn" "Pyrus_communis" 0 1.66666666666667 65 0 0 0 0 0 0 33.3333333333333 33.3333333333333 NA 1.18084268170823 1.83333333333333 -0.895143592549291 NA
"195" "ree_pcom_2" "Reemer_Kleijn_Pyrus_communis" "Reemer_Kleijn" "Pyrus_communis" 0 8 72 0 0 0 0 0 0 20 20 NA 0.908340524390949 0.166666666666667 -0.089514359254929 NA
"196" "ree_pcom_3" "Reemer_Kleijn_Pyrus_communis" "Reemer_Kleijn" "Pyrus_communis" 0 14.2857142857143 71.4285714285714 0 0 0 0 0 0 14.2857142857143 14.2857142857143 NA -0.54500431463457 -0.833333333333333 -0.089514359254929 NA
"197" "ree_pcom_4" "Reemer_Kleijn_Pyrus_communis" "Reemer_Kleijn" "Pyrus_communis" 0 14.2857142857143 65.3061224489796 0 0 0 0 0 0 20.4081632653061 20.4081632653061 NA 0.54500431463457 0.166666666666667 0.716114874039433 NA
"198" "ree_pcom_5" "Reemer_Kleijn_Pyrus_communis" "Reemer_Kleijn" "Pyrus_communis" 0 0 73.6842105263158 0 0 0 0 0 0 26.3157894736842 26.3157894736842 NA -1.09000862926914 -0.666666666666667 -1.16368667031408 NA
"199" "ree_pcom_6" "Reemer_Kleijn_Pyrus_communis" "Reemer_Kleijn" "Pyrus_communis" 0 33.3333333333333 50 0 0 0 0 0 0 16.6666666666667 16.6666666666667 NA -0.999174576830044 -0.666666666666667 1.52174410733379 NA
"200" "sch_bna_1" "Scheper_Brassica_napus" "Scheper" "Brassica_napus" 0 24.6376811594203 59.4202898550725 0.966183574879227 0 0 0 0 0 14.975845410628 15.9420289855072 NA 2.11507033887779 0.850469733196902 -0.0755053936273968 -0.300615220654191
"201" "sch_bna_2" "Scheper_Brassica_napus" "Scheper" "Brassica_napus" 0 60 0 0 0 0 0 0 0 40 40 NA -0.959123477157285 -1.41744955532817 -1.1493598807726 -0.0334016911837991
"202" "sch_bna_3" "Scheper_Brassica_napus" "Scheper" "Brassica_napus" 0 75.8620689655172 11.2068965517241 1.72413793103448 0 0 0 0 0 11.2068965517241 12.9310344827586 NA -0.634208683592602 -0.466386627882172 0.752257440213694 2.20673839754299
"203" "sch_bna_4" "Scheper_Brassica_napus" "Scheper" "Brassica_napus" 0 80.4347826086957 9.78260869565217 0.543478260869565 0 0 0 0 0 9.23913043478261 9.78260869565217 NA -0.509241455298493 -0.246910567702326 2.09457554914519 -0.68807483838626
"204" "sch_bna_5" "Scheper_Brassica_napus" "Scheper" "Brassica_napus" 0 27.2727272727273 47.5524475524476 0 0 0 0 0 0 25.1748251748252 25.1748251748252 NA 0.740430827642595 1.06994579337675 -0.343969015413697 0.643539250141195
"205" "sch_bna_6" "Scheper_Brassica_napus" "Scheper" "Brassica_napus" 0 37.2093023255814 16.2790697674419 0 0 0 0 0 0 46.5116279069767 46.5116279069767 NA -0.60921523793378 1.36258054028321 -0.500572794789038 -0.452036220687414
"206" "sch_bna_7" "Scheper_Brassica_napus" "Scheper" "Brassica_napus" 0 42.8571428571429 45.7142857142857 0 0 0 0 0 0 11.4285714285714 11.4285714285714 NA -0.159333216074989 -0.978497434968479 -0.545316731753422 -0.68807483838626
"207" "sch_bna_8" "Scheper_Brassica_napus" "Scheper" "Brassica_napus" 0 43.1372549019608 38.2352941176471 0 0 0 0 0 0 18.6274509803922 18.6274509803922 NA 0.0156209035367636 -0.173751880975711 -0.232109173002738 -0.68807483838626
"208" "sch_pav_1" "Schueep_Prunus_avium" "Schueep" "Prunus_avium" 0 0 7.69230769230769 61.5384615384615 0 30.7692307692308 0 0 0 0 92.3076923076923 0.902582148128297 0.321271034494742 2.70443736378767 -0.223606797749979 -0.39423678478827
"209" "sch_pav_10" "Schueep_Prunus_avium" "Schueep" "Prunus_avium" 0 0 0 0 0 100 0 0 0 0 100 -0.946864945616324 -0.596646206918806 -0.613890689939533 -0.223606797749979 -0.727889297526673
"210" "sch_pav_11" "Schueep_Prunus_avium" "Schueep" "Prunus_avium" 12.5 0 12.5 0 37.5 37.5 0 0 0 0 87.5 0.0806056620195769 0.321271034494742 1.04527333692407 -0.223606797749979 1.39695038886
"211" "sch_pav_12" "Schueep_Prunus_avium" "Schueep" "Prunus_avium" 0 0 0 0 0 100 0 0 0 0 100 -0.689997293707349 -0.596646206918806 -0.945723495312254 -0.223606797749979 -0.622525346135598
"212" "sch_pav_13" "Schueep_Prunus_avium" "Schueep" "Prunus_avium" 0 0 0 0 14.2857142857143 85.7142857142857 0 0 0 0 100 -0.468157047755993 -0.596646206918806 1.04527333692407 -0.223606797749979 -0.165948223440942
"213" "sch_pav_14" "Schueep_Prunus_avium" "Schueep" "Prunus_avium" 0 0 0 62.5 0 37.5 0 0 0 0 100 -1.46060024943427 -0.596646206918806 1.37710614229679 -0.223606797749979 -0.78057127322221
"214" "sch_pav_15" "Schueep_Prunus_avium" "Schueep" "Prunus_avium" 0 0 0 0 0 100 0 0 0 0 100 0.949062962113709 -0.596646206918806 -0.945723495312254 -0.223606797749979 -0.622525346135598
"215" "sch_pav_16" "Schueep_Prunus_avium" "Schueep" "Prunus_avium" 0 0 16.6666666666667 0 66.6666666666667 16.6666666666667 0 0 0 0 83.3333333333333 1.36494392156445 0.321271034494742 0.381607726178629 -0.223606797749979 -0.499600736179345
"216" "sch_pav_17" "Schueep_Prunus_avium" "Schueep" "Prunus_avium" 11.1111111111111 0 33.3333333333333 0 0 33.3333333333333 0 0 0 22.2222222222222 66.6666666666667 1.72455863423702 2.15710551732184 0.71344053155135 -0.223606797749979 -0.692767980396314
"217" "sch_pav_18" "Schueep_Prunus_avium" "Schueep" "Prunus_avium" 0 0 100 0 0 0 0 0 0 0 0 -0.188493780880358 0.321271034494742 -1.27755630068498 -0.223606797749979 0.694524046252832
"218" "sch_pav_19" "Schueep_Prunus_avium" "Schueep" "Prunus_avium" 50 0 0 0 0 50 0 0 0 0 100 -0.433129641798373 -0.596646206918806 -0.613890689939533 -0.223606797749979 1.66036026733768
"219" "sch_pav_2" "Schueep_Prunus_avium" "Schueep" "Prunus_avium" 0 75 0 12.5 0 12.5 0 0 0 0 25 -0.433129641798373 -0.596646206918806 -0.613890689939533 4.2485291572496 -0.622525346135598
"220" "sch_pav_20" "Schueep_Prunus_avium" "Schueep" "Prunus_avium" 75 0 25 0 0 0 0 0 0 0 75 0.697088026601117 0.321271034494742 -0.282057884566813 -0.223606797749979 2.27498331711895
"221" "sch_pav_3" "Schueep_Prunus_avium" "Schueep" "Prunus_avium" 20 0 0 0 0 80 0 0 0 0 100 -0.119180289008528 -0.596646206918806 0.381607726178629 -0.223606797749979 1.48475368168589
"222" "sch_pav_4" "Schueep_Prunus_avium" "Schueep" "Prunus_avium" 100 0 0 0 0 0 0 0 0 0 100 1.62181157347343 -0.596646206918806 -0.945723495312254 -0.223606797749979 -0.482040077614166
"223" "sch_pav_5" "Schueep_Prunus_avium" "Schueep" "Prunus_avium" 0 0 0 60 40 0 0 0 0 0 100 -1.46060024943427 -0.596646206918806 0.381607726178629 -0.223606797749979 -0.745449956091852
"224" "sch_pav_6" "Schueep_Prunus_avium" "Schueep" "Prunus_avium" 0 0 0 33.3333333333333 0 66.6666666666667 0 0 0 0 100 -1.46060024943427 -0.596646206918806 -0.282057884566813 -0.223606797749979 -0.763010614657031
"225" "sch_pav_7" "Schueep_Prunus_avium" "Schueep" "Prunus_avium" 0 0 57.1428571428571 14.2857142857143 0 28.5714285714286 0 0 0 0 42.8571428571429 0.843869543151927 3.07502275873538 -0.282057884566813 -0.223606797749979 -0.58740402900524
"226" "sch_pav_8" "Schueep_Prunus_avium" "Schueep" "Prunus_avium" 0 0 25 0 0 75 0 0 0 0 75 -0.090639440623034 0.321271034494742 -0.282057884566813 -0.223606797749979 0.957933924730518
"227" "sch_pav_9" "Schueep_Prunus_avium" "Schueep" "Prunus_avium" 0 0 0 0 0 100 0 0 0 0 100 -0.433129641798373 -0.596646206918806 -0.945723495312254 -0.223606797749979 -0.763010614657031
"228" "sta_bna_1" "stanley_stout_2dataset_Brassica_napus" "stanley_stout_2dataset" "Brassica_napus" 0 9.74667701713057 50.6184620055679 0 0 0.377752287528454 0 0 0 39.2571086897731 39.6348609773015 NA -0.034229241131817 0.45382445835571 -0.684893600482256 NA
"229" "sta_bna_1" "Stanley_stout_Brassica_napus" "Stanley_stout" "Brassica_napus" 0 9.74667701713057 50.6184620055679 0 0 0.377752287528454 0 0 0 39.2571086897731 39.6348609773015 1.12208953347894 1.13400500147742 0.798560655926283 -0.597904186616223 -0.834022740712831
"230" "sta_bna_2" "stanley_stout_2dataset_Brassica_napus" "stanley_stout_2dataset" "Brassica_napus" 0 18.6436728762719 34.6157980342141 0 0 2.13693471850042 0 0 0 44.6035943710136 46.7405290895141 NA -1.02614800047211 0.111969876993132 -0.646559229008032 NA
"231" "sta_bna_2" "Stanley_stout_Brassica_napus" "Stanley_stout" "Brassica_napus" 0 18.6436728762719 34.6157980342141 0 0 2.13693471850042 0 0 0 44.6035943710136 46.7405290895141 -0.325065299109838 -0.755481922607897 0.323025465385451 -0.55654947753796 -0.274584285341619
"232" "sta_bna_3" "stanley_stout_2dataset_Brassica_napus" "stanley_stout_2dataset" "Brassica_napus" 0 78.396707221233 19.9128390711953 0 0 0.340950749957306 0 0.10506543606229 0 1.24443752155209 1.69045370757168 NA -0.828256951935578 -0.926538101018412 0.939480946079695 NA
"233" "sta_bna_3" "Stanley_stout_Brassica_napus" "Stanley_stout" "Brassica_napus" 0 78.396707221233 19.9128390711953 0 0 0.340950749957306 0 0.10506543606229 0 1.24443752155209 1.69045370757168 -0.797024234369101 -0.378523078869526 -1.12158612131173 1.15445366415418 1.10860702605445
"234" "sta_bna_4" "stanley_stout_2dataset_Brassica_napus" "stanley_stout_2dataset" "Brassica_napus" 0 0 58.8235294117647 0 0 0 0 5.88235294117647 0 35.2941176470588 41.1764705882353 NA 1.4323588486956 1.37577248990564 -0.841664407078909 NA
"235" "sta_bna_5" "stanley_stout_2dataset_Brassica_napus" "stanley_stout_2dataset" "Brassica_napus" 0 66.6666666666667 33.3333333333333 0 0 0 0 0 0 0 0 NA 0.456275344843912 -1.01502872423607 1.2336362904895 NA
"236" "sze_fes_1" "Szentgyorgyi_Fagopyrum_esculentum" "Szentgyorgyi" "Fagopyrum_esculentum" 0 60 15 0 0 5 0 0 0 20 25 -0.908137511204451 -0.629522747497837 -0.923246659636489 -1.40154659536244 NA
"237" "sze_fes_2" "Szentgyorgyi_Fagopyrum_esculentum" "Szentgyorgyi" "Fagopyrum_esculentum" 0 78.6032689450223 3.34323922734027 0.0742942050520059 0.0742942050520059 0.445765230312036 0 0 0.0742942050520059 17.3848439821694 18.0534918276374 NA 0.771269591305297 0.917446157062857 1.19547331384767 NA
"238" "sze_fes_3" "Szentgyorgyi_Fagopyrum_esculentum" "Szentgyorgyi" "Fagopyrum_esculentum" 0.32017075773746 58.1643543223052 0.747065101387407 0.106723585912487 0 0.32017075773746 0 0 0.32017075773746 40.0213447171825 41.0885805763074 NA -0.49611395332611 2.01567464433726 -0.0782085345507825 NA
"239" "sze_fes_4" "Szentgyorgyi_Fagopyrum_esculentum" "Szentgyorgyi" "Fagopyrum_esculentum" 0.0853242320819113 80.6313993174061 7.42320819112628 0 0.0853242320819113 0.170648464163823 0 0 0.0853242320819113 11.518771331058 11.9453924914676 NA 2.17206193010843 0.120843803617342 0.914915713713122 NA
"240" "sze_fes_5" "Szentgyorgyi_Fagopyrum_esculentum" "Szentgyorgyi" "Fagopyrum_esculentum" 0 92.7480916030534 1.27226463104326 0 0 0.763358778625954 0 0 0 5.21628498727735 5.97964376590331 1.18276970146238 -0.396057357697315 -0.598418515513075 0.378628619650614 NA
"241" "sze_fes_6" "Szentgyorgyi_Fagopyrum_esculentum" "Szentgyorgyi" "Fagopyrum_esculentum" 0 89.8907103825137 0.546448087431694 0 0 0.546448087431694 0 0 0 9.01639344262295 9.56284153005464 0.359367172206142 -0.662874946040769 -0.691226556691194 -0.614495628613291 NA
"242" "sze_fes_7" "Szentgyorgyi_Fagopyrum_esculentum" "Szentgyorgyi" "Fagopyrum_esculentum" 0 59.0909090909091 1.51515151515152 0 0 0.757575757575758 0 0 0 38.6363636363636 39.3939393939394 0.533358988325728 -0.662874946040769 -0.559748498355526 -1.23768109439889 NA
"243" "sze_fes_8" "Szentgyorgyi_Fagopyrum_esculentum" "Szentgyorgyi" "Fagopyrum_esculentum" 0 89.5405669599218 1.85728250244379 0.0977517106549365 0 0.293255131964809 0 0 0.293255131964809 7.91788856304985 8.60215053763441 -1.1673583507898 -0.0958875708109289 -0.281324374821171 0.842914205713989 NA
"244" "tak_fes_1" "taki_Fagopyrum_esculentum" "taki" "Fagopyrum_esculentum" 7.69230769230769 30.7692307692308 7.69230769230769 3.84615384615385 15.3846153846154 11.5384615384615 0 0 0 23.0769230769231 61.5384615384615 -0.97897424520306 -1.247778269739 -0.304913175543104 -0.191816484117705 1.29166458071808
"245" "tak_fes_10" "taki_Fagopyrum_esculentum" "taki" "Fagopyrum_esculentum" 7.5 27.5 22.5 10 2.5 20 0 0 0 10 50 -0.207043788586936 -0.204859118912373 0.417843981299809 0.268543077764787 -0.944199254910877
"246" "tak_fes_11" "taki_Fagopyrum_esculentum" "taki" "Fagopyrum_esculentum" 12.1212121212121 36.3636363636364 18.1818181818182 3.03030303030303 6.06060606060606 18.1818181818182 0 3.03030303030303 0 3.03030303030303 45.4545454545455 1.08087115236037 -0.651824469266642 -0.485602464753832 0.421996265058951 -1.00462800722517
"247" "tak_fes_12" "taki_Fagopyrum_esculentum" "taki" "Fagopyrum_esculentum" 0 24.2424242424242 36.3636363636364 6.06060606060606 3.03030303030303 21.2121212121212 0 3.03030303030303 0 6.06060606060606 39.3939393939394 0.651715153762016 0.242106231441895 -0.846981043175288 -0.191816484117705 -0.883770502596581
"248" "tak_fes_13" "taki_Fagopyrum_esculentum" "taki" "Fagopyrum_esculentum" 33.3333333333333 12.5 20.8333333333333 4.16666666666667 2.08333333333333 12.5 0 4.16666666666667 0 10.4166666666667 66.6666666666667 0.835261974161002 -0.0558706687942836 2.58611545182855 -0.498722858706034 0.0830895344321573
"249" "tak_fes_14" "taki_Fagopyrum_esculentum" "taki" "Fagopyrum_esculentum" 26.6666666666667 35.5555555555556 26.6666666666667 0 0 8.88888888888889 0 0 0 2.22222222222222 37.7777777777778 0.502787656692674 0.242106231441895 -0.124223886332376 1.03580901423561 1.89595210386104
"250" "tak_fes_15" "taki_Fagopyrum_esculentum" "taki" "Fagopyrum_esculentum" 6.06060606060606 3.03030303030303 39.3939393939394 0 12.1212121212121 21.2121212121212 0 3.03030303030303 0 15.1515151515152 57.5757575757576 1.41226252444316 0.391094681559985 0.237154692089081 -1.26598879517685 -0.944199254910877
"251" "tak_fes_2" "taki_Fagopyrum_esculentum" "taki" "Fagopyrum_esculentum" 7.31707317073171 51.219512195122 9.75609756097561 2.4390243902439 7.31707317073171 12.1951219512195 0 0 0 9.75609756097561 39.0243902439024 -0.97897424520306 -0.949801369502821 -0.304913175543104 1.80307495070643 1.29166458071808
"252" "tak_fes_2" "taki_Fagopyrum_esculentum" "taki" "Fagopyrum_esculentum" 7.31707317073171 51.219512195122 9.75609756097561 2.4390243902439 7.31707317073171 12.1951219512195 0 0 0 9.75609756097561 39.0243902439024 -1.17238142217656 -0.949801369502821 -0.304913175543104 1.80307495070643 0.0830895344321573
"253" "tak_fes_3" "taki_Fagopyrum_esculentum" "taki" "Fagopyrum_esculentum" 0 50 26.6666666666667 6.66666666666667 6.66666666666667 3.33333333333333 0 0 0 6.66666666666667 23.3333333333333 -0.431786377579265 -0.353847569030463 -1.93111677843966 0.882355826941444 1.29166458071808
"254" "tak_fes_4" "taki_Fagopyrum_esculentum" "taki" "Fagopyrum_esculentum" 17.7777777777778 20 22.2222222222222 8.88888888888889 2.22222222222222 17.7777777777778 0 2.22222222222222 0 8.88888888888889 57.7777777777778 1.4258997736206 -0.0558706687942836 1.50197971656418 -0.038363296823541 -0.521197988710804
"255" "tak_fes_5" "taki_Fagopyrum_esculentum" "taki" "Fagopyrum_esculentum" 12 36 4 8 4 12 0 8 0 16 60 -1.60421523342137 -1.39676671985709 -0.485602464753832 -0.038363296823541 0.687377057575119
"256" "tak_fes_6" "taki_Fagopyrum_esculentum" "taki" "Fagopyrum_esculentum" 30.7692307692308 12.8205128205128 33.3333333333333 0 2.56410256410256 15.3846153846154 0 0 0 5.12820512820513 53.8461538461538 0.29315167354529 0.391094681559985 0.598533270510537 -0.652176046000198 -1.00462800722517
"257" "tak_fes_7" "taki_Fagopyrum_esculentum" "taki" "Fagopyrum_esculentum" 18.3673469387755 10.2040816326531 55.1020408163265 4.08163265306122 0 8.16326530612245 0 0 0 4.08163265306122 34.6938775510204 -0.755945574390813 2.47693298321324 -0.124223886332376 -0.652176046000198 -0.883770502596581
"258" "tak_fes_8" "taki_Fagopyrum_esculentum" "taki" "Fagopyrum_esculentum" 12.1212121212121 0 45.4545454545455 0 3.03030303030303 12.1212121212121 0 0 0 27.2727272727273 54.5454545454545 -0.951396405223055 0.689071581796164 0.0564654028783525 -1.41944198247102 -0.521197988710804
"259" "tak_fes_9" "taki_Fagopyrum_esculentum" "taki" "Fagopyrum_esculentum" 13.8888888888889 2.77777777777778 55.5555555555556 0 0 11.1111111111111 0 0 0 16.6666666666667 41.6666666666667 0.878767383199009 1.43401383238661 -0.485602464753832 -1.26598879517685 0.0830895344321573
"260" "ver_car_1" "Vergara_Coffea_arabica" "Vergara" "Coffea_arabica" 0 83.1671854459335 10.8060132729635 1.34890291742629 0 1.09834910504936 0 0 0 3.57954925862734 6.026801281103 1.13745635630192 2.70365652619912 0.302950859932186 0.924628537954653 -0.260840720983813
"261" "ver_car_10" "Vergara_Coffea_arabica" "Vergara" "Coffea_arabica" 0 81.1594202898551 0 2.89855072463768 11.5942028985507 2.89855072463768 0 0 0 1.44927536231884 18.8405797101449 -0.562890872150731 -0.768428921761104 0.550816642923855 -1.62583496148029 -0.835596457869607
"262" "ver_car_11" "Vergara_Coffea_arabica" "Vergara" "Coffea_arabica" 0 98.5714285714286 0 1.42857142857143 0 0 0 0 0 0 1.42857142857143 -0.310341010018814 -0.768428921761104 -0.795143436243147 0.565460553905217 -0.828285756395677
"263" "ver_car_12" "Vergara_Coffea_arabica" "Vergara" "Coffea_arabica" 0 92.4528301886792 0 0.943396226415094 5.66037735849057 0 0 0 0 0.943396226415094 7.54716981132075 0.48338712811007 -0.768428921761104 -0.0609833930611458 -0.50346408774625 -0.89701812813562
"264" "ver_car_13" "Vergara_Coffea_arabica" "Vergara" "Coffea_arabica" 0 87.3417721518987 0.632911392405063 3.79746835443038 0.632911392405063 4.43037974683544 0 0 0 3.16455696202532 12.0253164556962 -0.887597837748911 -0.591973375756756 1.28497668610586 0.565460553905217 1.73705537507897
"265" "ver_car_14" "Vergara_Coffea_arabica" "Vergara" "Coffea_arabica" 0 70 3 6 1 5 0 0 0 15 27 -0.707205079083255 -0.239062283748058 2.26385674368186 -1.25171133690228 1.59616663217459
"266" "ver_car_15" "Vergara_Coffea_arabica" "Vergara" "Coffea_arabica" 0 90.625 1.25 2.5 0.625 1.875 0 0 0 3.125 8.125 -0.85151928601578 -0.415517829752407 0.550816642923855 0.752522366194224 1.60323336317355
"267" "ver_car_16" "Vergara_Coffea_arabica" "Vergara" "Coffea_arabica" 0 81.1023622047244 6.2992125984252 6.2992125984252 0 0.78740157480315 0 0 0 5.51181102362205 12.5984251968504 -1.03191204468143 0.643215446273687 0.917896664514856 -0.369848507539817 1.49653413786417
"268" "ver_car_2" "Vergara_Coffea_arabica" "Vergara" "Coffea_arabica" 0 84 8 0.8 0 0 0 0 0 7.2 8 2.55790385276511 0.996126538282385 0.183736621332855 -0.316402275457243 -0.797360395500202
"269" "ver_car_3" "Vergara_Coffea_arabica" "Vergara" "Coffea_arabica" 0 78.0821917808219 16.4383561643836 1.36986301369863 0 1.36986301369863 0 0 0 2.73972602739726 5.47945205479452 0.699858438508856 1.34903763029108 -0.550423421849146 -1.599111845439 -0.614912544101897
"270" "ver_car_4" "Vergara_Coffea_arabica" "Vergara" "Coffea_arabica" 0 94.2857142857143 5.71428571428571 0 0 0 0 0 0 0 0 0.501426403976635 0.643215446273687 -1.03986345063715 0.405121857657497 -0.64209422012292
"271" "ver_car_5" "Vergara_Coffea_arabica" "Vergara" "Coffea_arabica" 0 97.9166666666667 2.08333333333333 0 0 0 0 0 0 0 0 -1.15818697574739 -0.239062283748058 -1.03986345063715 0.645629902029077 -0.201820053337339
"272" "ver_car_6" "Vergara_Coffea_arabica" "Vergara" "Coffea_arabica" 0 99.4082840236686 0.591715976331361 0 0 0 0 0 0 0 0 0.284955093577849 -0.591973375756756 -1.03986345063715 1.36715403514382 -0.201820053337339
"273" "ver_car_7" "Vergara_Coffea_arabica" "Vergara" "Coffea_arabica" 0 99.4186046511628 0.581395348837209 0 0 0 0 0 0 0 0 0.591622783309463 -0.591973375756756 -1.03986345063715 1.44732338326768 -0.120788204549195
"274" "ver_car_8" "Vergara_Coffea_arabica" "Vergara" "Coffea_arabica" 0 98.7179487179487 1.28205128205128 0 0 0 0 0 0 0 0 -0.941715665348607 -0.591973375756756 -1.03986345063715 -1.06464952461327 -0.120788204549195
"275" "ver_car_9" "Vergara_Coffea_arabica" "Vergara" "Coffea_arabica" 0 90.1515151515152 0 1.51515151515152 5.3030303030303 2.27272727272727 0 0 0 0.757575757575758 9.84848484848485 0.194758714245021 -0.768428921761104 0.550816642923855 0.0577213491207703 -0.911664769408477
"276" "win_cla_1" "Winfree_griffin_Citrullus_lanatus" "Winfree_griffin" "Citrullus_lanatus" 0 37.9655771832474 60.0102283695534 0 0 0 0 0.504157984050904 0 1.5200364631483 2.02419444719921 NA 0.0491569924301271 -0.415537825202847 0.583291976129524 0.455068372585392
"277" "win_cla_10" "Winfree_griffin_Citrullus_lanatus" "Winfree_griffin" "Citrullus_lanatus" 0 1.16155911060606 96.5859341340174 0 0 0 0 0.593136597367951 0 1.65937015800865 2.2525067553766 NA 1.47898473209653 -0.189183652955729 -1.09988892414195 -0.409925590024921
"278" "win_cla_11" "Winfree_griffin_Citrullus_lanatus" "Winfree_griffin" "Citrullus_lanatus" 0 73.0732281793694 17.0927624607561 0 0 0 0 1.17421003386159 0 8.65979932601288 9.83400935987448 NA -1.21141215028984 0.508154720957244 0.550146946334312 -0.934164355243293
"279" "win_cla_12" "Winfree_griffin_Citrullus_lanatus" "Winfree_griffin" "Citrullus_lanatus" 0 53.0321072307918 43.9171537478186 0 0 0.51713537103776 0 0 0 2.5336036503519 3.05073902138966 NA 0.168372987250568 0.351499116054218 2.44213589843515 0.11431317519345
"280" "win_cla_13" "Winfree_griffin_Citrullus_lanatus" "Winfree_griffin" "Citrullus_lanatus" 0 43.2893594225221 51.3541417832052 0 0 0 0 4.79454463640063 0 0.56195415787201 5.35649879427264 NA -0.127036766743721 0.662408394203543 0.886194715200468 -0.934164355243293
"281" "win_cla_14" "Winfree_griffin_Citrullus_lanatus" "Winfree_griffin" "Citrullus_lanatus" 0 18.8795698315607 75.3078699272588 0 0 0 0 3.80665707178281 0 2.00590316939765 5.81256024118046 NA -0.82791445610357 -0.461038020936911 -0.884556614726297 -1.1569658304611
"282" "win_cla_15" "Winfree_griffin_Citrullus_lanatus" "Winfree_griffin" "Citrullus_lanatus" 0 0.422340722477829 98.143665179343 0 0 0 0 0 0 1.43399409817916 1.43399409817916 NA 2.57740825471016 -0.30552688145476 -1.13307242839055 -0.645833034373189
"283" "win_cla_16" "Winfree_griffin_Citrullus_lanatus" "Winfree_griffin" "Citrullus_lanatus" 0 62.2386238284138 19.7275462729535 0 0 1.61496980580181 0 0 0 16.418860092831 18.0338298986328 NA -1.17775224624799 1.80763739309434 0.299681823216833 1.28074442780433
"284" "win_cla_17" "Winfree_griffin_Citrullus_lanatus" "Winfree_griffin" "Citrullus_lanatus" 0 35.4643789371829 63.7544755969441 0 0 0 0 0 0 0.781145465872988 0.781145465872988 NA -0.21093633947764 -0.854038088783247 0.100978873030234 -0.672044972634107
"285" "win_cla_18" "Winfree_griffin_Citrullus_lanatus" "Winfree_griffin" "Citrullus_lanatus" 0 8.1277568024026 87.4704867597997 0 0 0 0 3.58691576007526 0 0.81484067772243 4.40175643779769 NA 0.589211347709911 0.234090067158395 -0.814470613335945 -1.17007179959156
"286" "win_cla_2" "Winfree_griffin_Citrullus_lanatus" "Winfree_griffin" "Citrullus_lanatus" 0 28.6087606505869 70.6715426483452 0 0 0 0 0 0 0.719696701067973 0.719696701067973 NA 0.0103034747142194 -0.857303059419073 -0.0759351344008999 -0.396819620894462
"287" "win_cla_3" "Winfree_griffin_Citrullus_lanatus" "Winfree_griffin" "Citrullus_lanatus" 0 0 97.8127928332102 0 0 0 0 0 0 2.18720716678982 2.18720716678982 NA -0.32823897683611 -0.732592645714875 -1.16535908002635 -0.121594269154817
"288" "win_cla_4" "Winfree_griffin_Citrullus_lanatus" "Winfree_griffin" "Citrullus_lanatus" 0 4.18190703063214 94.6667845939374 0 0 0 0 1.15130837543042 0 0 1.15130837543042 NA 0.283528145286258 -0.77978076739626 -1.02385361359446 0.769611631716415
"289" "win_cla_5" "Winfree_griffin_Citrullus_lanatus" "Winfree_griffin" "Citrullus_lanatus" 0 31.3172059268347 67.5988397305737 0 0 0 0 0 0 1.08395434259153 1.08395434259153 NA -0.544378160139087 -0.863502761186938 -0.400241958561083 -0.606515126981811
"290" "win_cla_6" "Winfree_griffin_Citrullus_lanatus" "Winfree_griffin" "Citrullus_lanatus" 0 59.0151652658514 39.2212840569907 0 0 0 0 0.813946466380563 0 0.949604210777323 1.76355067715789 NA -0.733007468992836 -0.649554920577029 0.787656134316486 -0.357501713503084
"291" "win_cla_7" "Winfree_griffin_Citrullus_lanatus" "Winfree_griffin" "Citrullus_lanatus" 0 5.64702262405424 88.7059548366365 0 0 0 0 1.03148742201816 0 4.61553511729108 5.64702253930924 NA 1.20699556412091 1.06679560352582 -0.851249409594883 2.27679808171923
"292" "win_cla_8" "Winfree_griffin_Citrullus_lanatus" "Winfree_griffin" "Citrullus_lanatus" 0 39.2784664713172 51.2262366214867 0 0 3.77903060723719 0 2.52423340740049 0 3.19203289255851 9.49529690719619 NA 0.101305629993881 2.51870175961784 1.0289267492802 1.42491008823938
"293" "win_cla_9" "Winfree_griffin_Citrullus_lanatus" "Winfree_griffin" "Citrullus_lanatus" 0 89.5155877007309 10.4844122992691 0 0 0 0 0 0 0 0 NA -1.30459056348177 -1.04122843098373 0.769614660829202 1.08415489084744
"294" "site_1" "Bartomeus_Brassica_napus" "Bartomeus" "Brassica_napus" 0 42.5531914893617 6.38297872340426 0 0 38.2978723404255 0 4.25531914893617 0 8.51063829787234 51.063829787234 -0.113418421664384 -0.4268542084509 -0.707542853842366 1.20499576592686 -0.476732131741755
"295" "site_10" "Bartomeus_Brassica_napus" "Bartomeus" "Brassica_napus" 0 28 0 0 4 44 0 0 0 24 72 -0.594700539911273 -1.11286990060413 -1.4841142787913 -0.11508386528515 -0.80933594458484
"296" "site_11" "Bartomeus_Brassica_napus" "Bartomeus" "Brassica_napus" 0 0 28.2051282051282 0 5.12820512820513 43.5897435897436 0 0 0 23.0769230769231 71.7948717948718 -1.66545998128226 1.40252097062439 -0.189828570543074 -0.82589597439931 -0.909117088437766
"297" "site_12" "Bartomeus_Brassica_napus" "Bartomeus" "Brassica_napus" 0 36.1111111111111 0 0 0 8.33333333333333 0 0 0 55.5555555555556 63.8888888888889 -1.13940743343101 -1.11286990060413 -0.836971424667189 0.494183656812702 0.454558544218883
"298" "site_13" "Bartomeus_Brassica_napus" "Bartomeus" "Brassica_napus" 0 18.75 0 0 3.125 37.5 0 3.125 0 37.5 81.25 0.0805867732878512 -1.11286990060413 -0.44868571219272 -0.216628452301458 2.11757760843431
"299" "site_14" "Bartomeus_Brassica_napus" "Bartomeus" "Brassica_napus" 0 5 10 0 7.5 35 0 0 0 42.5 85 -1.46399304806263 -0.198182311066489 0.586742854405864 -0.622806800366693 -0.410211369173138
"300" "site_15" "Bartomeus_Brassica_napus" "Bartomeus" "Brassica_napus" 0 3.7037037037037 29.6296296296296 0 7.40740740740741 48.1481481481481 0 0 0 11.1111111111111 66.6666666666667 0.203705454699847 0.716505278471154 -1.4841142787913 -0.724351387383002 -0.14412831889867
"301" "site_2" "Bartomeus_Brassica_napus" "Bartomeus" "Brassica_napus" 0 4.34782608695652 28.2608695652174 4.34782608695652 2.17391304347826 50 0 0 0 10.8695652173913 67.3913043478261 1.72216919211445 1.85986476539321 0.198457141931395 -0.622806800366693 -0.643034038163298
"302" "site_3" "Bartomeus_Brassica_napus" "Bartomeus" "Brassica_napus" 0 14.2857142857143 10.2040816326531 0 0 40.8163265306122 0 0 0 34.6938775510204 75.5102040816327 0.893916244433759 0.0304895863179215 0.975028566880334 -0.11508386528515 0.188475493944415
"303" "site_4" "Bartomeus_Brassica_napus" "Bartomeus" "Brassica_napus" 0 26.4150943396226 0 0 0 64.1509433962264 0 0 0 9.43396226415094 73.5849056603774 0.726027133417402 -1.11286990060413 1.23388570852998 0.595728243829011 -0.14412831889867
"304" "site_5" "Bartomeus_Brassica_napus" "Bartomeus" "Brassica_napus" 0 3.57142857142857 14.2857142857143 0 0 53.5714285714286 0 0 0 28.5714285714286 82.1428571428571 -0.143265374733958 0.716505278471154 2.13988570430374 -0.622806800366693 0.354777400365958
"305" "site_6" "Bartomeus_Brassica_napus" "Bartomeus" "Brassica_napus" 0 17.7777777777778 11.1111111111111 0 6.66666666666667 44.4444444444444 0 0 0 20 71.1111111111111 -0.710357483055875 0.0304895863179215 0.327885712756218 -0.0135392782688411 -0.909117088437766
"306" "site_7" "Bartomeus_Brassica_napus" "Bartomeus" "Brassica_napus" 0 50 9.45945945945946 0 0 27.027027027027 0 0 0 13.5135135135135 40.5405405405405 1.49831704409264 0.487833381086743 0.0690285711065725 2.93125374520411 -0.875856707153457
"307" "site_8" "Bartomeus_Brassica_napus" "Bartomeus" "Brassica_napus" 0 2.38095238095238 21.4285714285714 0 4.76190476190476 50 0 0 0 21.4285714285714 76.1904761904762 0.181320239897665 0.945177175855564 0.327885712756218 -0.724351387383002 -0.0776075563300531
"308" "site_9" "Bartomeus_Brassica_napus" "Bartomeus" "Brassica_napus" 0 7.69230769230769 0 0 0 84.6153846153846 0 0 0 7.69230769230769 92.3076923076923 0.524560200197773 -1.11286990060413 -0.707542853842366 -0.622806800366693 2.28387951485585
"309" "aldo_piagno" "Rader_Mangifera_indica" "Rader" "Mangifera_indica" 0 3.75782881002088 0.417536534446764 0.417536534446764 0.835073068893528 61.7954070981211 1.04384133611691 0.626304801670146 0 31.1064718162839 95.8246346555324 -0.0576806314088801 -0.372911270401968 2.62339824408062 -0.325942957514282 0.85290637914692
"310" "bluesky" "Rader_Mangifera_indica" "Rader" "Mangifera_indica" 0 5.97826086956522 13.5869565217391 0.543478260869565 10.8695652173913 40.2173913043478 7.60869565217391 2.17391304347826 0 19.0217391304348 80.4347826086957 1.46264058866129 -0.204735599436374 0.255792748116973 -0.44730469701428 -0.392212422527416
"311" "dino_nastasi" "Rader_Mangifera_indica" "Rader" "Mangifera_indica" 0 29.6774193548387 19.3548387096774 0 0 40 0 0 0 10.9677419354839 50.9677419354839 0.391815229134032 -0.168175670965593 -0.269495931051811 0.159504000485712 -0.392212422527416
"312" "joemorrow" "Rader_Mangifera_indica" "Rader" "Mangifera_indica" 0 0 15.0943396226415 0 3.77358490566038 60.377358490566 1.88679245283019 0 0 18.8679245283019 84.9056603773585 -1.70484813402292 -0.32903935623703 -0.528333830932081 -0.638016001942849 -0.392212422527416
"313" "lorry_massasso" "Rader_Mangifera_indica" "Rader" "Mangifera_indica" 0 0 0 6 38 34 0 0 0 22 100 1.07036375223495 -0.38753524179028 -0.490269433890864 -0.638016001942849 2.40930488123984
"314" "marcelo_avolio" "Rader_Mangifera_indica" "Rader" "Mangifera_indica" 0 52.8 14.4 1.6 1.6 14.4 0.8 0 0 14.4 32.8 0.0830391812489513 -0.255919499295468 -0.558785348565054 0.506251827628565 0.230346978309752
"315" "morris_cetnic" "Rader_Mangifera_indica" "Rader" "Mangifera_indica" 0 28.2051282051282 2.56410256410256 0 0 41.025641025641 0 0 0 28.2051282051282 69.2307692307692 -0.571576970670424 -0.380223256096124 -0.665365660280459 -0.44730469701428 -0.703492122946
"316" "remo_terr" "Rader_Mangifera_indica" "Rader" "Mangifera_indica" 0 28.023598820059 65.0442477876106 0.884955752212389 0.147492625368732 2.94985250737463 0 0 0 2.94985250737463 6.93215339233038 -0.520073143240756 2.83705044933262 -0.513108072115594 2.65608835591425 -0.0809327221088317
"317" "ross_patane" "Rader_Mangifera_indica" "Rader" "Mangifera_indica" 0 5.4726368159204 2.48756218905473 0 8.45771144278607 73.6318407960199 0.497512437810945 0 0 9.45273631840796 92.0398009950249 -1.08574280352694 -0.350975313319499 0.537469286221972 -0.44730469701428 -1.13928370353202
"318" "wilby" "Rader_Mangifera_indica" "Rader" "Mangifera_indica" 0 19.2307692307692 0 0 0 26.9230769230769 0 1.28205128205128 0 52.5641025641026 80.7692307692308 0.932062931590699 -0.38753524179028 -0.391302001583702 -0.37795513158571 -0.392212422527416
"319" "bri_pdu_1" "Brittain_Klein_Prunus_dulcis" "Brittain_Klein" "Prunus_dulcis" 0 99.3790236607076 0 0 0 0.620976339292417 0 0 0 0 0.620976339292417 -0.567189261953324 -0.547061881838385 -0.874835268023209 1.1997787074856 0.574796344461053
"320" "bri_pdu_10" "Brittain_Klein_Prunus_dulcis" "Brittain_Klein" "Prunus_dulcis" 27.2626028398341 67.214144738587 0 0 0 4.29299769012032 0 0 0 1.23025473145864 32.785855261413 -0.00182326510232158 -0.547061881838385 0.590633217970287 0.226454066300138 0.542528891169074
"321" "bri_pdu_11" "Brittain_Klein_Prunus_dulcis" "Brittain_Klein" "Prunus_dulcis" 8.1629088467205 20.2893929748599 40.6797479614539 0 1.09927419087621 8.62159161072917 0 2.19854838175241 0 18.9485360336079 39.0308590636862 0.367376388626153 3.83445669466626 3.31440250354543 -0.236232633974231 -2.02316861955799
"322" "bri_pdu_12" "Brittain_Klein_Prunus_dulcis" "Brittain_Klein" "Prunus_dulcis" 0 100 0 0 0 0 0 0 0 0 0 -0.550235504553835 -0.547061881838385 -0.905483468831562 -0.634555214467704 0.859500930201677
"323" "bri_pdu_13" "Brittain_Klein_Prunus_dulcis" "Brittain_Klein" "Prunus_dulcis" 0 93.0136622813327 0 0 0 0 0 0 0 6.98633771866727 6.98633771866727 -0.226201240917415 -0.547061881838385 -0.815965027138779 -0.766843864564417 0.842992386250176
"324" "bri_pdu_14" "Brittain_Klein_Prunus_dulcis" "Brittain_Klein" "Prunus_dulcis" 14.6731228338089 70.9946753852839 0 0 0 9.24820675829738 0 0 0.885694752981787 4.19830026962798 29.0053246147161 0.744467566596817 -0.547061881838385 0.30430789476104 0.170286524004647 0.400519206844101
"325" "bri_pdu_15" "Brittain_Klein_Prunus_dulcis" "Brittain_Klein" "Prunus_dulcis" 0 87.9907237944931 0 0 0 6.00463810275344 0 0 6.00463810275344 0 12.0092762055069 -1.31487727966252 -0.547061881838385 -0.697999990508592 -0.592908805848529 0.00296784135391123
"326" "bri_pdu_16" "Brittain_Klein_Prunus_dulcis" "Brittain_Klein" "Prunus_dulcis" 0 86.7628797576573 2.96986151208414 0 0 2.84849262794605 0 0 1.23289921521633 6.18586688709614 10.2672587302585 -0.0709602701170186 -0.320630574923018 -0.119703446490398 2.11891729683225 0.711939651619575
"327" "bri_pdu_17" "Brittain_Klein_Prunus_dulcis" "Brittain_Klein" "Prunus_dulcis" 0 67.6465771145442 8.01839023831168 0 0.658016600577777 6.9819899892295 0 0 0 16.6950260573369 24.3350326471441 0.773429801609113 -0.300229616783427 -0.153526696631582 -0.290962086789357 -0.230121484302104
"328" "bri_pdu_18" "Brittain_Klein_Prunus_dulcis" "Brittain_Klein" "Prunus_dulcis" 4.62327542047522 46.8465540155154 17.3020679139828 0 0 2.63523325991763 0 0 0 28.5928693901089 35.8513780705017 1.85369276423557 0.552884800442701 1.38235668241232 0.185305101333341 -1.17391207636555
"329" "bri_pdu_19" "Brittain_Klein_Prunus_dulcis" "Brittain_Klein" "Prunus_dulcis" 0 30.1205865368846 21.7690535135202 0 0 7.1728753106083 0 0 2.8821050571556 38.0553795818313 48.1103599495952 2.60982713205576 0.156127696646786 0.654491704903657 -0.880804221041043 -0.115166403841363
"330" "bri_pdu_2" "Brittain_Klein_Prunus_dulcis" "Brittain_Klein" "Prunus_dulcis" 0 94.151095536385 0 0 0 0 0 0 0 5.84890446361498 5.84890446361498 -0.259786780468049 -0.547061881838385 -0.644680686212854 0.825503641922413 0.859500930201677
"331" "bri_pdu_20" "Brittain_Klein_Prunus_dulcis" "Brittain_Klein" "Prunus_dulcis" 0 47.792837726601 33.393337334971 0 0 1.5484240312942 0 0 0 17.2654009071338 18.813824938428 1.18238657240232 0.0553920532237595 -0.564771554042049 -0.939673383362947 -0.0525655651422327
"332" "bri_pdu_21" "Brittain_Klein_Prunus_dulcis" "Brittain_Klein" "Prunus_dulcis" 13.9182713527052 72.4451877000096 6.42841079034687 0 0 5.21116548683036 0 0 0 1.99696467010795 21.1264015096435 -0.810556371563563 -0.286618095731954 -0.0463075224865202 0.162388964987522 0.597844772232663
"333" "bri_pdu_22" "Brittain_Klein_Prunus_dulcis" "Brittain_Klein" "Prunus_dulcis" 0 100 0 0 0 0 0 0 0 0 0 -0.972844284707763 -0.547061881838385 -0.905483468831562 -0.421467868855206 0.859500930201677
"334" "bri_pdu_23" "Brittain_Klein_Prunus_dulcis" "Brittain_Klein" "Prunus_dulcis" 0 56.3830747128975 35.7870848751939 0 0.904884496610115 0.674885997992269 0 0 0 6.25006991730623 7.82984041190861 -0.610561970823671 1.25688684093667 -0.509299427767295 0.112979910697069 -1.68825735850699
"335" "bri_pdu_3" "Brittain_Klein_Prunus_dulcis" "Brittain_Klein" "Prunus_dulcis" 0 100 0 0 0 0 0 0 0 0 0 0.128916744047353 -0.547061881838385 -0.905483468831562 2.75202144674381 0.859500930201677
"336" "bri_pdu_4" "Brittain_Klein_Prunus_dulcis" "Brittain_Klein" "Prunus_dulcis" 0 28.4470710426904 37.0870453862828 0 0 20.655841920063 0 1.05802564501202 1.49994749878515 11.2520685071666 34.4658835710268 0.152624658092243 1.14326829535955 0.671346725763765 -0.70876741677023 -2.27423652747457
"337" "bri_pdu_5" "Brittain_Klein_Prunus_dulcis" "Brittain_Klein" "Prunus_dulcis" 4.02540829317267 87.4323982028281 2.01270414658634 0 0 2.77197078416872 0 0 0 3.75751857324423 10.5548976505856 -0.754018614619782 -0.470093534576783 -0.500317978106349 0.379545999291336 0.490688527291353
"338" "bri_pdu_6" "Brittain_Klein_Prunus_dulcis" "Brittain_Klein" "Prunus_dulcis" 42.8478553797742 7.54817938822889 33.3666323375577 0 0 5.20685545130278 0 0 3.17391478464213 7.85656265849435 59.0851882742134 -0.0163153604825185 0.52243602447378 0.995561492366035 -1.26946452072603 -0.101740386282768
"339" "bri_pdu_7" "Brittain_Klein_Prunus_dulcis" "Brittain_Klein" "Prunus_dulcis" 0 15.5520544940523 17.0314631629629 0 0 20.3434943686507 1.90522602489747 6.14888188976851 2.82910390991402 36.1897761497542 67.4164823429848 0.840653948539004 -0.126199883512094 0.766762060042213 -1.19377458335466 -1.35783141695854
"340" "bri_pdu_8" "Brittain_Klein_Prunus_dulcis" "Brittain_Klein" "Prunus_dulcis" 0 91.2797407066235 0 0 0 6.40739195417457 0 0 0 2.31286733920194 8.72025929337651 -1.5477370564541 -0.547061881838385 -0.569098796975136 0.466886216905096 0.591616942636568
"341" "bri_pdu_9" "Brittain_Klein_Prunus_dulcis" "Brittain_Klein" "Prunus_dulcis" 0 75.9473550278142 0 0 0 2.12444924069045 0 0 0 21.9281957314954 24.0526449721858 -0.950268314778445 -0.547061881838385 -0.466905480887298 -0.664613276748864 0.823101553766926
"342" "run_bna_1" "Rundlof_Brassica_napus" "Rundlof" "Brassica_napus" 0 5.26315789473684 15.7894736842105 0 0 0 0 0 0 78.9473684210526 78.9473684210526 NA -1.08972473588517 0.806998618858729 -0.775198439585841 0.132990219454146
"343" "run_bna_10" "Rundlof_Brassica_napus" "Rundlof" "Brassica_napus" 0 0 100 0 0 0 0 0 0 0 0 NA -1.08972473588517 -1.03756965281837 -0.819975244760474 0.80629233965378
"344" "run_bna_11" "Rundlof_Brassica_napus" "Rundlof" "Brassica_napus" 0 73.3333333333333 16.6666666666667 0 0 0 0 0 0 10 10 NA -0.630893268144045 -0.668655998482947 0.165114469081461 0.00631873873016681
"345" "run_bna_12" "Rundlof_Brassica_napus" "Rundlof" "Brassica_napus" 0 88.3116883116883 5.19480519480519 0 0 0 0 0 0 6.49350649350649 6.49350649350649 NA -0.860309002014607 -0.422713562259334 2.2248475071146 0.0600661040616852
"346" "run_bna_13" "Rundlof_Brassica_napus" "Rundlof" "Brassica_napus" 0 74.7252747252747 8.79120879120879 0 0 0 0 0 0 16.4835164835165 16.4835164835165 NA 0.0573539334676404 0.806998618858729 2.2248475071146 -1.02310527889276
"347" "run_bna_14" "Rundlof_Brassica_napus" "Rundlof" "Brassica_napus" 0 54.5454545454545 31.8181818181818 0 0 0 0 0 0 13.6363636363636 13.6363636363636 NA 1.43384833669101 -0.299742344147528 0.254668079430727 -0.564457512612743
"348" "run_bna_15" "Rundlof_Brassica_napus" "Rundlof" "Brassica_napus" 0 27.7777777777778 38.8888888888889 0 0 0 0 0 0 33.3333333333333 33.3333333333333 NA -0.172061800402921 -0.299742344147528 -0.596091218887307 0.16749419069995
"349" "run_bna_16" "Rundlof_Brassica_napus" "Rundlof" "Brassica_napus" 0 16.1290322580645 41.9354838709677 0 0 0 0 0 0 41.9354838709677 41.9354838709677 NA 1.20443260282045 0.561056182635117 -0.596091218887307 -2.56466461278034
"350" "run_bna_2" "Rundlof_Brassica_napus" "Rundlof" "Brassica_napus" 0 10 50 0 0 0 0 0 0 40 40 NA -0.630893268144045 -0.545684780371141 -0.775198439585841 0.699642954716107
"351" "run_bna_3" "Rundlof_Brassica_napus" "Rundlof" "Brassica_napus" 0 16 64 0 0 0 0 0 0 20 20 NA 1.89267980443213 -0.422713562259334 -0.640868024061941 -0.998715461670189
"352" "run_bna_4" "Rundlof_Brassica_napus" "Rundlof" "Brassica_napus" 0 82.9268292682927 12.1951219512195 0 0 0 0 0 0 4.8780487804878 4.8780487804878 NA -0.630893268144045 -0.791627216594754 0.702436131177061 1.30432776279524
"353" "run_bna_5" "Rundlof_Brassica_napus" "Rundlof" "Brassica_napus" 0 53.3333333333333 20 0 0 0 0 0 0 26.6666666666667 26.6666666666667 NA 0.975016868949887 0.929969836970536 0.612882520827795 0.281183442300721
"354" "run_bna_6" "Rundlof_Brassica_napus" "Rundlof" "Brassica_napus" 0 60 20 0 0 0 0 0 0 20 20 NA -0.860309002014607 -0.545684780371141 -0.282653582664873 0.528874292714735
"355" "run_bna_7" "Rundlof_Brassica_napus" "Rundlof" "Brassica_napus" 0 11.1111111111111 77.7777777777778 0 0 0 0 0 0 11.1111111111111 11.1111111111111 NA -0.172061800402921 -0.91459843470656 -0.775198439585841 1.46219105563428
"356" "run_bna_8" "Rundlof_Brassica_napus" "Rundlof" "Brassica_napus" 0 27.7777777777778 27.7777777777778 0 0 0 0 0 0 44.4444444444444 44.4444444444444 NA -0.630893268144045 -0.0537999079239153 -0.596091218887307 0.411196601892742
"357" "run_bna_9" "Rundlof_Brassica_napus" "Rundlof" "Brassica_napus" 0 19.6428571428571 23.2142857142857 0 0 0 0 0 0 57.1428571428571 57.1428571428571 NA 1.20443260282045 2.89750932675944 -0.327430387839507 -0.709634836697487
"358" "how_bra_12" "Howlett_Brassica_rapa" "Howlett" "Brassica_rapa" 0 50.7550886408404 0.0656598818122127 0 2.16677609980302 3.34865397242285 0 1.0505581089954 0 42.6132632961261 49.1792514773473 NA -0.545280696492353 0.35294641224313 1.11041478100089 NA
"359" "how_bra_13" "Howlett_Brassica_rapa" "Howlett" "Brassica_rapa" 0 76.1904761904762 1.73160173160173 0 1.73160173160173 4.32900432900433 0 2.5974025974026 0.432900432900433 12.987012987013 22.0779220779221 NA -0.516504042685585 -1.29280679674668 -1.09422300752506 NA
"360" "how_bra_14" "Howlett_Brassica_rapa" "Howlett" "Brassica_rapa" 0 57.7464788732394 0.704225352112676 0 0.704225352112676 2.11267605633803 0 3.52112676056338 0 35.2112676056338 41.5492957746479 NA -0.545280696492353 -1.27394429578404 -1.44135190555092 NA
"361" "how_bra_15" "Howlett_Brassica_rapa" "Howlett" "Brassica_rapa" 0 12.2549019607843 22.0588235294118 0 3.99159663865546 25 1.40056022408964 4.41176470588235 0 30.8823529411765 65.6862745098039 NA 2.46667573528273 0.798572997485356 -1.09791586814235 NA
"362" "how_bra_16" "Howlett_Brassica_rapa" "Howlett" "Brassica_rapa" 0 12.0322817314747 19.1489361702128 0 3.59501100513573 29.3470286133529 2.86133528980191 2.71460014673514 0 30.3008070432869 68.8187820983126 NA 1.9486959667609 0.798572997485356 -1.13853733493261 NA
"363" "how_bra_17" "Howlett_Brassica_rapa" "Howlett" "Brassica_rapa" 0 43.0608886450905 2.74273176083379 0 0.109709270433352 12.7811300054855 0 0.164563905650027 0.109709270433352 41.0312671420735 54.1963795940757 NA -0.0752620176484709 0.916463628501818 1.15472910840845 NA
"364" "how_bra_18" "Howlett_Brassica_rapa" "Howlett" "Brassica_rapa" 0 37.0458891013384 2.34225621414914 0 0.191204588910134 12.2370936902486 0 0.239005736137667 0 47.9445506692161 60.6118546845124 NA -0.0848542355840603 1.576651162194 1.11780050223549 NA
"365" "how_bra_19" "Howlett_Brassica_rapa" "Howlett" "Brassica_rapa" 0 61.504907306434 0.654307524536532 0 0.872410032715376 12.2137404580153 0 0 0 24.7546346782988 37.8407851690294 NA -0.497319606814406 -0.594894261129222 0.338606911985947 NA
"366" "how_bra_20" "Howlett_Brassica_rapa" "Howlett" "Brassica_rapa" 0 30.546955624355 1.23839009287926 0 0 4.54076367389061 0 0.619195046439629 0 63.0546955624355 68.2146542827657 NA -0.439766299200869 0.145458901654158 -0.651079733449488 NA
"367" "how_bra_21" "Howlett_Brassica_rapa" "Howlett" "Brassica_rapa" 0 55.1587301587302 4.76190476190476 0 2.24867724867725 8.2010582010582 0 0.925925925925926 0 28.7037037037037 40.0793650793651 NA -0.209553068746723 -0.698638016423709 -0.204243598756624 NA
"368" "how_bra_22" "Howlett_Brassica_rapa" "Howlett" "Brassica_rapa" 0 34.7488038277512 0.0598086124401914 0 0 4.8444976076555 0 0.179425837320574 0.0598086124401914 60.1076555023923 65.1913875598086 NA -0.545280696492353 1.1569605157754 0.401385542479986 NA
"369" "how_bra_23" "Howlett_Brassica_rapa" "Howlett" "Brassica_rapa" 0 71.6577540106952 0.401069518716578 0 0.935828877005348 9.49197860962567 0 0.133689839572192 0 17.379679144385 27.9411764705882 NA -0.526096260621174 -0.920272402734657 0.235206814701648 NA
"370" "how_bra_24" "Howlett_Brassica_rapa" "Howlett" "Brassica_rapa" 0 80.0785083415113 1.27576054955839 0 0.392541707556428 7.0657507360157 0 0.785083415112856 0 10.4023552502453 18.6457311089303 NA -0.43017408126528 -0.965070842520912 1.26920778754464 NA
"371" "pis_han_2" "pisanty_mandelik_Helianthus_annuus" "pisanty_mandelik" "Helianthus_annuus" 0.857632933104631 92.967409948542 2.74442538593482 0 2.22984562607204 1.20068610634648 0 0 0 0 4.28816466552316 NA 0.707106781186547 0.707106781186548 0.707106781186547 0.707106781186548
"372" "pis_han_3" "pisanty_mandelik_Helianthus_annuus" "pisanty_mandelik" "Helianthus_annuus" 4.5045045045045 82.8828828828829 9.90990990990991 0 1.8018018018018 0.900900900900901 0 0 0 0 7.20720720720721 NA -0.707106781186547 -0.707106781186548 -0.707106781186547 -0.707106781186548
"373" "smi_cca_14" "smitha_Coffea_canephora" "smitha" "Coffea_canephora" 0 0 100 0 0 0 0 0 0 0 0 -0.752583955339522 -0.337341282045133 -0.534845285623706 0 -0.160719680530948
"374" "smi_cca_15" "smitha_Coffea_canephora" "smitha" "Coffea_canephora" 0 0 100 0 0 0 0 0 0 0 0 0.335960632154305 -0.556838009562499 -0.534845285623706 0 -0.160719680530948
"375" "smi_cca_16" "smitha_Coffea_canephora" "smitha" "Coffea_canephora" 0 0 100 0 0 0 0 0 0 0 0 0.410300262519736 -0.510060018452241 -0.534845285623706 0 -0.160719680530948
"376" "smi_cca_17" "smitha_Coffea_canephora" "smitha" "Coffea_canephora" 0 0 100 0 0 0 0 0 0 0 0 0.0757719258752925 -0.486671022897112 -0.534845285623706 0 -0.160719680530948
"377" "smi_cca_18" "smitha_Coffea_canephora" "smitha" "Coffea_canephora" 0 0 100 0 0 0 0 0 0 0 0 0.277550922581465 -0.492068483409834 -0.534845285623706 0 -0.160719680530948
"378" "smi_cca_19" "smitha_Coffea_canephora" "smitha" "Coffea_canephora" 0 0 100 0 0 0 0 0 0 0 0 -0.152556938818535 -0.35533281708754 -0.534845285623706 0 -0.160719680530948
"379" "smi_cca_20" "smitha_Coffea_canephora" "smitha" "Coffea_canephora" 0 0 0 0 0 0 0 0 0 0 0 0.322685698160477 -0.578427851613388 -0.534845285623706 0 -0.160719680530948
"380" "smi_cca_21" "smitha_Coffea_canephora" "smitha" "Coffea_canephora" 0 0 100 0 0 0 0 0 0 0 0 -2.34292104780002 -0.531649860503129 -0.534845285623706 0 -0.160719680530948
"381" "smi_cca_22" "smitha_Coffea_canephora" "smitha" "Coffea_canephora" 0 0 100 0 0 0 0 0 0 0 0 0.2748959357827 -0.148430164099858 -0.534845285623706 0 -0.160719680530948
"382" "smi_cca_23" "smitha_Coffea_canephora" "smitha" "Coffea_canephora" 0 0 100 0 0 0 0 0 0 0 0 -1.23313656591606 -0.565833777083703 -0.534845285623706 0 -0.160719680530948
"383" "smi_cca_24" "smitha_Coffea_canephora" "smitha" "Coffea_canephora" 0 0 100 0 0 0 0 0 0 0 0 0.540394615659243 1.17214850801282 -0.534845285623706 0 -0.160719680530948
"384" "smi_cca_25" "smitha_Coffea_canephora" "smitha" "Coffea_canephora" 0 0 98.7096774193548 0 0 0 0 1.29032258064516 0 0 1.29032258064516 -0.128662057629646 -0.303157365464559 0.653699793540085 0 -0.160719680530948
"385" "smi_cca_26" "smitha_Coffea_canephora" "smitha" "Coffea_canephora" 0 0 99.7298757428417 0.162074554294976 0 0 0 0.108049702863317 0 0 0.270124257158293 0.638629127213564 2.74280951721496 2.43651741228577 0 -0.160719680530948
"386" "smi_cca_27" "smitha_Coffea_canephora" "smitha" "Coffea_canephora" 0 0 100 0 0 0 0 0 0 0 0 NA -0.551440549049777 -0.534845285623706 0 4.12513846696098
"387" "smi_cca_27" "smitha_Coffea_canephora" "smitha" "Coffea_canephora" 0 0 100 0 0 0 0 0 0 0 0 1.13975788548054 -0.551440549049777 -0.534845285623706 0 -1.23218421740393
"388" "smi_cca_28" "smitha_Coffea_canephora" "smitha" "Coffea_canephora" 0 0 95.6989247311828 3.2258064516129 0 0 0 1.0752688172043 0 0 4.3010752688172 -0.757893928937053 -0.418303189735965 1.84224487270388 0 -0.160719680530948
"389" "smi_cca_29" "smitha_Coffea_canephora" "smitha" "Coffea_canephora" 0 0 99.7469955724225 0.253004427577483 0 0 0 0 0 0 0.253004427577483 1.75637856949381 2.25883722457421 1.84224487270388 0 -0.160719680530948
"390" "smi_cca_30" "smitha_Coffea_canephora" "smitha" "Coffea_canephora" 0 0 100 0 0 0 0 0 0 0 0 1.51211978400739 -0.565833777083703 -0.534845285623706 0 -0.160719680530948
"391" "smi_cca_31" "smitha_Coffea_canephora" "smitha" "Coffea_canephora" 0 0 99.6941896024465 0.305810397553517 0 0 0 0 0 0 0.305810397553517 -0.787098783723472 1.18114427553402 1.24797233312198 0 -0.160719680530948
"392" "smi_cca_32" "smitha_Coffea_canephora" "smitha" "Coffea_canephora" 0 0 100 0 0 0 0 0 0 0 0 -1.12959208076421 -0.402110808197798 -0.534845285623706 0 -0.160719680530948
